1	0.977656	0.976427	0.834975	0.837401	0.829003	0.834175	0.977033	0.826319	0.828578	0.836483	0.835578	0.839818	0.833066	0.829803	0.826435	0.978664	0.958137	0.823848	0.83698	0.838525	0.832044	0.966807	0.83252	0.838075	0.847709	0.957533	0.831538	0.831061	0.830051	0.838357	0.832452	0.831479	0.838867	0.836253	0.922116	0.830767	0.83296	0.833447	0.841987	0.834332	0.83382	0.83414	0.838528	0.836916	0.833191	0.883167	0.863048	0.829765	0.8303	0.833708	0.834735	0.834972	0.83685	0.837142	0.835442	0.835658	0.834296	0.836822	0.836468	0.834085	0.83543	0.835164	0.833042	0.837659	0.928343	0.837742	0.834062	0.82841	0.838145	0.836735	0.83679	0.8467	0.838253	0.837752	0.834209	0.977825	0.838938	0.835998	0.837705	0.8366	0.836812	0.837127	0.836114	0.97357	0.910732	0.976565	0.832237	0.834951	0.82563	0.834585	0.834894	0.834142	0.819128	0.815588	0.83619	0.837746	0.822646	0.83727	0.835388	0.831502	0.83377	0.832024	0.829625	0.835035	0.839161	0.833332	0.835923	0.83444	0.829421	0.83055	0.837257	0.827765	0.834379	0.832228	0.822639	0.828578	0.832422	0.834766	0.838179	0.829546	0.835665	0.835255	0.835768	0.828185	0.831279	0.835221	0.833138	0.835394	0.824122	0.923811	0.838279	0.873932	0.899584	0.835734	0.833658	0.826042	0.830656	0.832666	0.83824	0.831	0.832501	0.834618	0.83488	0.837378	0.836328	0.837287	0.825119	0.827874	0.825545	0.826855	0.823504	0.823234	0.831654	0.82751	0.816367	0.820083	0.8257	0.838634	0.978565	0.961571	0.83418	0.840506	0.838912	0.835115	0.836296	0.823724	0.823863	0.830092	0.97912	0.834253	0.834476	0.834011	0.834418	0.830663	0.836058	0.836657	0.821467	0.836027	0.833559	0.832989	0.898392	0.820837	0.838349	0.837296
0.977656	1	0.974614	0.826844	0.825161	0.82401	0.827998	0.979558	0.822484	0.825027	0.82515	0.823734	0.828212	0.826221	0.825916	0.823491	0.982705	0.953381	0.822621	0.824771	0.827361	0.821818	0.960922	0.825333	0.825967	0.835302	0.948703	0.825793	0.824707	0.82358	0.834692	0.82038	0.827692	0.829052	0.824845	0.911066	0.824837	0.825007	0.825974	0.833034	0.826983	0.82605	0.822371	0.828663	0.826022	0.826375	0.871163	0.851045	0.823825	0.824545	0.826488	0.823099	0.825345	0.82663	0.826257	0.826374	0.825649	0.823833	0.826762	0.825388	0.822132	0.826349	0.823264	0.825388	0.826226	0.918123	0.826189	0.821926	0.824539	0.828217	0.827432	0.827759	0.834427	0.828054	0.827064	0.82674	0.97729	0.827486	0.824278	0.826003	0.824761	0.825104	0.82478	0.824536	0.969686	0.89928	0.977173	0.825958	0.827837	0.823494	0.822733	0.827746	0.826007	0.817962	0.814891	0.826717	0.826783	0.820247	0.825315	0.825954	0.824019	0.826035	0.823867	0.824245	0.82422	0.827993	0.824751	0.828775	0.823368	0.823956	0.822537	0.825384	0.821881	0.82523	0.823651	0.816973	0.822948	0.824769	0.826053	0.826444	0.822658	0.82565	0.82417	0.8249	0.82232	0.82351	0.824992	0.82631	0.823905	0.822457	0.91246	0.826843	0.86181	0.892637	0.828281	0.826643	0.821018	0.823815	0.820715	0.826131	0.82439	0.820345	0.82201	0.825981	0.825774	0.825461	0.826034	0.821324	0.825205	0.823263	0.822771	0.822379	0.822041	0.825922	0.822453	0.815552	0.818577	0.822273	0.828994	0.983411	0.95471	0.822343	0.82991	0.829238	0.826315	0.826521	0.82114	0.819124	0.817822	0.977538	0.827245	0.823427	0.822378	0.822984	0.818427	0.826473	0.824862	0.820248	0.825259	0.82184	0.820516	0.886332	0.820088	0.826755	0.826342
0.976427	0.974614	1	0.83292	0.837788	0.828597	0.83202	0.976949	0.826184	0.827669	0.836617	0.835686	0.840508	0.835053	0.829101	0.827093	0.974748	0.956575	0.821749	0.837333	0.840157	0.831891	0.967536	0.833684	0.838394	0.848161	0.958363	0.831041	0.830538	0.830455	0.835797	0.83304	0.829997	0.83834	0.836909	0.922503	0.830802	0.831697	0.833011	0.841243	0.833052	0.833589	0.834577	0.837448	0.836831	0.832351	0.883818	0.863364	0.829111	0.830538	0.835093	0.835441	0.836856	0.838187	0.838505	0.836637	0.83756	0.835606	0.838724	0.83778	0.834371	0.837537	0.835826	0.83412	0.838819	0.927019	0.838146	0.834718	0.82951	0.839809	0.838096	0.836049	0.847253	0.837983	0.838913	0.834965	0.980234	0.839425	0.836839	0.838178	0.836799	0.837384	0.837614	0.836972	0.971705	0.910253	0.975776	0.831144	0.83349	0.824689	0.834888	0.834475	0.834031	0.818758	0.815387	0.835285	0.837981	0.82172	0.837808	0.835219	0.832359	0.835287	0.830592	0.829287	0.833991	0.839682	0.833532	0.836089	0.835583	0.830177	0.830539	0.837644	0.829011	0.833806	0.832058	0.822223	0.8292	0.831664	0.833505	0.838649	0.832237	0.833304	0.836262	0.835058	0.827814	0.829156	0.836212	0.832673	0.835932	0.822673	0.924777	0.838733	0.8746	0.901126	0.834149	0.831938	0.825385	0.830273	0.833104	0.838627	0.830021	0.833056	0.834769	0.836494	0.838082	0.836883	0.83833	0.826785	0.826106	0.824821	0.826989	0.822427	0.822291	0.829787	0.826668	0.816049	0.81978	0.824672	0.83821	0.975285	0.959268	0.834348	0.840438	0.838134	0.833934	0.834699	0.82172	0.82191	0.83058	0.979843	0.833496	0.833735	0.834316	0.834771	0.831218	0.834845	0.837111	0.820054	0.835418	0.834367	0.83314	0.899175	0.819658	0.838634	0.837079
0.834975	0.826844	0.83292	1	0.849339	0.833897	0.97501	0.832752	0.831016	0.971021	0.85189	0.850652	0.854081	0.968566	0.971225	0.833071	0.83133	0.843692	0.82838	0.852165	0.846191	0.846055	0.842309	0.839558	0.849109	0.845965	0.843813	0.839363	0.838494	0.839788	0.833374	0.867792	0.97272	0.848219	0.897351	0.848298	0.839016	0.83649	0.843445	0.847928	0.97299	0.972286	0.89685	0.849217	0.852814	0.841676	0.846549	0.848699	0.837309	0.839627	0.839817	0.847616	0.845279	0.846422	0.848801	0.841208	0.84356	0.842792	0.844976	0.847379	0.847442	0.842652	0.846411	0.838368	0.860606	0.850597	0.849909	0.850034	0.833087	0.846542	0.840591	0.962332	0.846054	0.941373	0.850084	0.839374	0.834155	0.851365	0.89748	0.851071	0.850815	0.849357	0.847408	0.848977	0.83959	0.850832	0.832942	0.840857	0.840952	0.830769	0.848004	0.841626	0.83955	0.822984	0.817444	0.844465	0.84962	0.825385	0.847047	0.844369	0.838984	0.839988	0.840634	0.83419	0.846787	0.849186	0.839763	0.839217	0.84812	0.832282	0.840031	0.848463	0.832236	0.842484	0.843982	0.828282	0.832659	0.841855	0.842506	0.849536	0.836447	0.844821	0.847046	0.843641	0.833641	0.836576	0.841413	0.838385	0.846217	0.826976	0.848745	0.896475	0.848062	0.830268	0.842307	0.839953	0.831185	0.833233	0.849028	0.850893	0.835451	0.846745	0.847161	0.838729	0.850396	0.844887	0.846232	0.830887	0.832459	0.82944	0.830611	0.965654	0.966273	0.837995	0.832054	0.819959	0.824795	0.82947	0.848379	0.829759	0.844763	0.84755	0.850519	0.847471	0.846575	0.845827	0.829753	0.832963	0.844653	0.832729	0.842697	0.851009	0.849332	0.848227	0.845527	0.844788	0.848745	0.824094	0.847823	0.880589	0.846138	0.849155	0.822274	0.852246	0.850838
0.837401	0.825161	0.837788	0.849339	1	0.839596	0.848001	0.833807	0.825205	0.832674	0.921522	0.948946	0.925208	0.843504	0.837396	0.828621	0.830512	0.861013	0.827114	0.958082	0.899221	0.894814	0.855667	0.844237	0.932357	0.959258	0.865347	0.841905	0.845249	0.848106	0.823935	0.953683	0.834343	0.873572	0.927985	0.897705	0.840287	0.841958	0.848155	0.859483	0.84897	0.84715	0.929797	0.866676	0.891604	0.844619	0.932604	0.945719	0.836943	0.840605	0.846009	0.919237	0.877569	0.886024	0.882389	0.852528	0.863505	0.875741	0.877433	0.910168	0.947748	0.864238	0.925253	0.84402	0.927268	0.882035	0.906954	0.959035	0.830308	0.875963	0.859097	0.865633	0.960859	0.888557	0.880602	0.848327	0.83744	0.910763	0.925776	0.926506	0.93349	0.911383	0.938133	0.90576	0.847228	0.907376	0.835831	0.840574	0.843439	0.826471	0.939246	0.844576	0.854565	0.825447	0.820683	0.872601	0.923466	0.828756	0.916007	0.862831	0.853274	0.847775	0.853865	0.841725	0.873921	0.902045	0.850596	0.850129	0.906845	0.840038	0.854706	0.928547	0.838679	0.861699	0.864142	0.821619	0.837992	0.854574	0.86184	0.904882	0.847297	0.872539	0.885348	0.881425	0.843352	0.842273	0.867321	0.841278	0.891108	0.823568	0.900742	0.927883	0.938817	0.826197	0.852268	0.852058	0.831796	0.838827	0.945067	0.935872	0.842485	0.949002	0.954729	0.856565	0.930183	0.892748	0.899487	0.834219	0.82669	0.823066	0.840753	0.82293	0.823703	0.837423	0.836892	0.825317	0.826697	0.837864	0.877232	0.828387	0.857187	0.944215	0.876221	0.879197	0.870904	0.873793	0.835251	0.841208	0.971704	0.835499	0.843132	0.902313	0.953078	0.924095	0.971066	0.874378	0.928763	0.830054	0.884475	0.944786	0.953709	0.921072	0.823239	0.914786	0.893851
0.829003	0.82401	0.828597	0.833897	0.839596	1	0.832862	0.830102	0.826398	0.829355	0.855528	0.843453	0.866032	0.831558	0.831286	0.830403	0.826081	0.833742	0.825556	0.839409	0.835288	0.880489	0.832944	0.83482	0.835755	0.831466	0.832025	0.833648	0.8589	0.85861	0.829175	0.83243	0.830183	0.837206	0.833712	0.835954	0.832635	0.859295	0.835005	0.837261	0.834102	0.832076	0.833541	0.836849	0.839202	0.83517	0.833311	0.833898	0.833126	0.83425	0.834894	0.846171	0.835467	0.835509	0.836762	0.835264	0.834639	0.852899	0.833	0.832366	0.832521	0.834672	0.850358	0.832181	0.837325	0.837975	0.837448	0.834243	0.828567	0.86362	0.866277	0.835028	0.831825	0.834885	0.837489	0.832088	0.82963	0.862756	0.835431	0.838342	0.860679	0.837528	0.848118	0.836087	0.831431	0.836748	0.82787	0.833931	0.834942	0.828067	0.843048	0.835262	0.865878	0.853149	0.902914	0.867605	0.863629	0.855309	0.838153	0.860849	0.865581	0.833546	0.860135	0.858513	0.855842	0.852592	0.865604	0.89159	0.856522	0.931646	0.86406	0.863591	0.865492	0.895932	0.851367	0.889176	0.860182	0.891735	0.884638	0.852154	0.85798	0.864989	0.855777	0.851194	0.862754	0.902555	0.865372	0.83134	0.859223	0.823696	0.83483	0.837191	0.836069	0.866238	0.907316	0.863868	0.856046	0.851853	0.83379	0.858703	0.903877	0.839732	0.840923	0.893161	0.865988	0.851079	0.859755	0.856797	0.828041	0.825965	0.872445	0.823257	0.822986	0.828628	0.865086	0.851471	0.865254	0.861382	0.862165	0.826059	0.835955	0.832342	0.838987	0.891871	0.866003	0.885306	0.859384	0.852044	0.830359	0.827973	0.832859	0.857567	0.835355	0.846886	0.831266	0.856469	0.834639	0.856229	0.861581	0.832696	0.84015	0.835944	0.894187	0.835169	0.836601
0.834175	0.827998	0.83202	0.97501	0.848001	0.832862	1	0.832458	0.829966	0.971222	0.850754	0.849549	0.853719	0.965943	0.9722	0.832844	0.832114	0.844374	0.828659	0.850861	0.844449	0.845138	0.842552	0.838237	0.848262	0.844964	0.843013	0.840047	0.836836	0.837878	0.833805	0.867496	0.973225	0.848045	0.896755	0.847801	0.838199	0.835372	0.842696	0.847027	0.97158	0.970401	0.896015	0.847508	0.852619	0.8416	0.84622	0.847159	0.837098	0.838507	0.83789	0.846699	0.84305	0.845456	0.847244	0.839684	0.841414	0.840596	0.842207	0.845368	0.846575	0.841129	0.845174	0.836828	0.859167	0.849562	0.847864	0.848361	0.83239	0.844396	0.838276	0.961157	0.844582	0.940665	0.847736	0.838457	0.833557	0.849758	0.895165	0.849633	0.849662	0.847751	0.845464	0.847808	0.838925	0.849797	0.832783	0.839772	0.840422	0.830122	0.846532	0.840862	0.837825	0.822455	0.816646	0.844136	0.848754	0.824957	0.846012	0.842661	0.837949	0.838397	0.84044	0.832616	0.845735	0.84736	0.838391	0.836549	0.846697	0.830877	0.838979	0.847159	0.831185	0.841247	0.842812	0.826321	0.831776	0.84151	0.841168	0.848467	0.834235	0.843769	0.845859	0.842387	0.833969	0.835844	0.839553	0.837366	0.844525	0.826649	0.848383	0.895236	0.846993	0.829755	0.841389	0.839103	0.830319	0.832165	0.848094	0.849522	0.833524	0.845424	0.846026	0.837139	0.849142	0.842927	0.844103	0.829499	0.832655	0.829703	0.82966	0.96663	0.967787	0.836808	0.83144	0.819952	0.823963	0.828805	0.847226	0.830206	0.844131	0.846447	0.849366	0.846738	0.847138	0.845532	0.828735	0.832197	0.843619	0.832098	0.840955	0.849772	0.848432	0.847529	0.844526	0.844763	0.847374	0.824036	0.846636	0.880225	0.845137	0.848927	0.821121	0.850605	0.850509
0.977033	0.979558	0.976949	0.832752	0.833807	0.830102	0.832458	1	0.826621	0.829386	0.832972	0.831749	0.836458	0.831826	0.831117	0.827108	0.98006	0.960762	0.824201	0.833284	0.835167	0.830332	0.968471	0.832352	0.834312	0.843813	0.956958	0.833345	0.828659	0.827903	0.837823	0.828857	0.83067	0.836931	0.832803	0.919161	0.829528	0.830677	0.832319	0.839258	0.832554	0.831621	0.830361	0.835328	0.834432	0.832517	0.879577	0.859119	0.828485	0.829441	0.831991	0.831881	0.832767	0.83492	0.834382	0.833158	0.833307	0.83191	0.835011	0.833562	0.830205	0.83382	0.832089	0.831381	0.834805	0.925432	0.834282	0.830132	0.827937	0.835994	0.834972	0.834356	0.842837	0.83524	0.835059	0.832817	0.980433	0.835781	0.832605	0.834111	0.833004	0.833632	0.832959	0.833606	0.972206	0.90726	0.976546	0.830856	0.832903	0.824703	0.831294	0.834261	0.831993	0.818915	0.815779	0.83426	0.834522	0.82159	0.834252	0.831893	0.829487	0.834089	0.831761	0.829159	0.831641	0.836037	0.832798	0.83421	0.8317	0.829645	0.828687	0.833831	0.826627	0.83319	0.831408	0.822257	0.828213	0.832075	0.832329	0.834955	0.828626	0.832755	0.832331	0.832254	0.829369	0.828725	0.833273	0.832269	0.832691	0.823009	0.920643	0.834953	0.870105	0.899157	0.83392	0.83181	0.823623	0.828339	0.829039	0.834645	0.828765	0.828637	0.830553	0.833707	0.833984	0.833119	0.834398	0.824939	0.827846	0.825853	0.826288	0.822763	0.823502	0.829556	0.825731	0.81543	0.820492	0.824796	0.836366	0.979389	0.9595	0.830586	0.837079	0.835936	0.832981	0.833775	0.82186	0.822758	0.826128	0.977925	0.833019	0.830948	0.830282	0.831227	0.8268	0.834112	0.833123	0.820261	0.833641	0.830032	0.829093	0.894697	0.819747	0.83436	0.833947
0.826319	0.822484	0.826184	0.831016	0.825205	0.826398	0.829966	0.826621	1	0.829032	0.82856	0.826187	0.830997	0.830572	0.830055	0.827486	0.823532	0.826876	0.818854	0.827039	0.830191	0.82685	0.828646	0.829446	0.827371	0.823027	0.827685	0.828825	0.825745	0.826166	0.826153	0.823537	0.829103	0.831407	0.824893	0.829427	0.82741	0.827784	0.830002	0.830209	0.831082	0.830232	0.825945	0.828952	0.832853	0.830403	0.825967	0.825208	0.826708	0.828825	0.830497	0.826326	0.830516	0.829341	0.830535	0.831628	0.831255	0.826991	0.829595	0.827749	0.823828	0.830741	0.825268	0.836168	0.830463	0.832024	0.830087	0.824428	0.82335	0.83003	0.829135	0.830814	0.823841	0.832763	0.830231	0.828402	0.827302	0.829651	0.826725	0.829198	0.82909	0.828189	0.827683	0.826914	0.827586	0.829972	0.824168	0.828825	0.830632	0.823987	0.824445	0.829345	0.827752	0.820327	0.816151	0.828375	0.82881	0.81997	0.827093	0.827982	0.827935	0.827915	0.826855	0.827219	0.826719	0.830896	0.82693	0.828295	0.828638	0.82717	0.829666	0.826434	0.824029	0.82867	0.826171	0.820532	0.826564	0.829357	0.829285	0.82787	0.825093	0.828294	0.826911	0.827318	0.82469	0.82568	0.828197	0.829297	0.827382	0.821601	0.828291	0.829594	0.827158	0.820667	0.829011	0.828546	0.822743	0.824519	0.82559	0.828711	0.827884	0.824955	0.822998	0.828382	0.828823	0.827281	0.829294	0.823523	0.825221	0.82338	0.823814	0.823571	0.823772	0.82613	0.823762	0.816014	0.818369	0.823662	0.832381	0.822937	0.829412	0.824818	0.831858	0.831002	0.827875	0.828193	0.823642	0.82329	0.820475	0.824599	0.828937	0.829613	0.825858	0.826627	0.821517	0.827767	0.826915	0.819901	0.830008	0.824324	0.822396	0.828707	0.819861	0.82719	0.83204
0.828578	0.825027	0.827669	0.971021	0.832674	0.829355	0.971222	0.829386	0.829032	1	0.836905	0.834694	0.839029	0.974065	0.98101	0.831727	0.82719	0.8342	0.823869	0.835565	0.833897	0.832109	0.834199	0.834377	0.833788	0.829635	0.833177	0.834381	0.830688	0.831832	0.830362	0.852883	0.978387	0.835647	0.883897	0.834935	0.831664	0.828921	0.834933	0.83583	0.970381	0.971793	0.882653	0.835721	0.839882	0.834273	0.831632	0.832774	0.83137	0.833184	0.833627	0.832833	0.83475	0.834491	0.836303	0.832525	0.833213	0.832142	0.833787	0.833972	0.831213	0.835216	0.831895	0.831216	0.84505	0.836615	0.836203	0.83418	0.828158	0.834375	0.831218	0.95474	0.829877	0.928973	0.837989	0.831649	0.829577	0.836546	0.88678	0.835247	0.834887	0.83508	0.832422	0.835842	0.830704	0.835877	0.827422	0.833454	0.831967	0.828364	0.831809	0.83343	0.829957	0.819786	0.814936	0.832229	0.834436	0.82212	0.832231	0.833049	0.829848	0.83267	0.831699	0.829748	0.833732	0.834768	0.831535	0.828852	0.833933	0.826948	0.831788	0.83247	0.827088	0.831263	0.833164	0.821212	0.828186	0.832971	0.830577	0.836199	0.830275	0.831775	0.834764	0.830617	0.828797	0.826009	0.830861	0.832378	0.832858	0.824147	0.835169	0.882925	0.832405	0.823973	0.832394	0.830898	0.826105	0.826488	0.833105	0.835337	0.82899	0.830684	0.831339	0.829406	0.834467	0.832066	0.832977	0.826951	0.829582	0.826933	0.826807	0.980035	0.981429	0.830642	0.825846	0.818158	0.822962	0.824909	0.835793	0.826191	0.834546	0.831286	0.837144	0.834045	0.834155	0.832315	0.825663	0.827849	0.828361	0.82704	0.834318	0.835855	0.833374	0.832871	0.829167	0.8317	0.833153	0.820863	0.833807	0.864942	0.830012	0.834372	0.820322	0.836941	0.836474
0.836483	0.82515	0.836617	0.85189	0.921522	0.855528	0.850754	0.832972	0.82856	0.836905	1	0.92939	0.905998	0.846021	0.841224	0.831722	0.829576	0.854361	0.827788	0.918909	0.883551	0.889247	0.851186	0.845928	0.90347	0.914619	0.856913	0.843793	0.8562	0.858703	0.829626	0.914217	0.838776	0.870078	0.900677	0.882647	0.842817	0.843144	0.848871	0.858595	0.852396	0.850811	0.903066	0.863232	0.88224	0.846023	0.900285	0.910043	0.839878	0.842531	0.847464	0.902935	0.870351	0.87767	0.873979	0.850706	0.859432	0.880146	0.867414	0.887166	0.910355	0.860162	0.905433	0.84298	0.901025	0.871418	0.888848	0.916141	0.83198	0.880545	0.869078	0.865547	0.915184	0.881532	0.873855	0.84837	0.836505	0.9008	0.89895	0.902317	0.915252	0.892287	0.915166	0.888457	0.844309	0.889032	0.834862	0.843038	0.844274	0.829741	0.912867	0.847844	0.874779	0.851353	0.838741	0.889215	0.904623	0.842871	0.893382	0.872178	0.863358	0.848271	0.863737	0.861262	0.878389	0.897298	0.859064	0.859604	0.910939	0.854914	0.879066	0.906571	0.851466	0.867496	0.870662	0.842831	0.851765	0.863279	0.865371	0.897983	0.858217	0.888941	0.886585	0.881426	0.855149	0.85392	0.875738	0.840238	0.889349	0.825618	0.882193	0.902827	0.906361	0.837353	0.858252	0.877845	0.843805	0.848722	0.908099	0.909592	0.853256	0.91847	0.919705	0.859755	0.906952	0.884547	0.903337	0.845639	0.831304	0.828135	0.893569	0.82763	0.828369	0.837224	0.849657	0.846203	0.838502	0.865829	0.872502	0.82777	0.854455	0.908305	0.871029	0.882087	0.88325	0.879035	0.860112	0.861187	0.919989	0.834546	0.844704	0.905636	0.913759	0.904549	0.920997	0.867916	0.901594	0.855559	0.895388	0.909248	0.91368	0.895788	0.833859	0.89328	0.883306
0.835578	0.823734	0.835686	0.850652	0.948946	0.843453	0.849549	0.831749	0.826187	0.834694	0.92939	1	0.918338	0.845053	0.839181	0.828054	0.829084	0.857608	0.82685	0.945796	0.892147	0.893741	0.852701	0.843401	0.923028	0.946729	0.861427	0.842554	0.846546	0.849436	0.82552	0.943012	0.836447	0.872267	0.919094	0.891375	0.83972	0.842649	0.847824	0.857598	0.85035	0.848597	0.922201	0.864185	0.888003	0.844254	0.922216	0.936387	0.836612	0.840375	0.845038	0.912859	0.874438	0.882293	0.877517	0.8506	0.860821	0.875571	0.874177	0.902099	0.937944	0.860979	0.917751	0.843178	0.918978	0.877096	0.899736	0.947518	0.83001	0.876034	0.861019	0.866323	0.947643	0.887331	0.877713	0.846962	0.835574	0.90647	0.917195	0.917377	0.92986	0.904509	0.928528	0.89923	0.845261	0.901628	0.834201	0.839939	0.842908	0.826073	0.932503	0.845833	0.86001	0.832535	0.826038	0.875485	0.917967	0.83179	0.907562	0.864298	0.85637	0.846064	0.858209	0.845292	0.873375	0.898618	0.850445	0.851088	0.908631	0.843996	0.860402	0.919488	0.840717	0.863234	0.864314	0.82595	0.841069	0.856045	0.861641	0.902355	0.848959	0.875864	0.883251	0.879168	0.845068	0.843085	0.868401	0.841223	0.889497	0.82438	0.893481	0.920756	0.928879	0.828757	0.851499	0.85826	0.833497	0.840207	0.935064	0.927199	0.843614	0.939886	0.945862	0.856514	0.923255	0.887958	0.897858	0.835247	0.828208	0.824719	0.858341	0.825186	0.82579	0.83747	0.839866	0.828669	0.828011	0.844314	0.875884	0.827161	0.855574	0.934143	0.87346	0.879957	0.87134	0.874979	0.840352	0.845361	0.958791	0.833847	0.843497	0.901685	0.941862	0.918652	0.957144	0.873619	0.919077	0.836198	0.885705	0.932937	0.942138	0.91112	0.824706	0.909019	0.890038
0.839818	0.828212	0.840508	0.854081	0.925208	0.866032	0.853719	0.836458	0.830997	0.839029	0.905998	0.918338	1	0.849793	0.844021	0.835362	0.833094	0.860202	0.829492	0.924407	0.891142	0.908062	0.85684	0.850248	0.911244	0.920989	0.864965	0.846477	0.859045	0.861296	0.830991	0.919513	0.840665	0.87379	0.908274	0.886903	0.845654	0.855064	0.853259	0.860994	0.854006	0.852245	0.910434	0.866806	0.886651	0.849956	0.909821	0.913226	0.843286	0.846377	0.852222	0.906713	0.878947	0.883167	0.883778	0.855999	0.865279	0.879928	0.873756	0.895995	0.913942	0.867635	0.914149	0.846547	0.910203	0.877077	0.899064	0.922015	0.833495	0.882965	0.866996	0.868259	0.921025	0.883647	0.881956	0.850816	0.840227	0.904509	0.906306	0.909518	0.918132	0.900863	0.917036	0.89716	0.848336	0.894278	0.838213	0.846852	0.847749	0.832808	0.917309	0.849378	0.864129	0.835885	0.845603	0.876929	0.918763	0.838826	0.901889	0.870164	0.863456	0.849065	0.86615	0.847446	0.880114	0.902365	0.868424	0.873273	0.904809	0.865045	0.861099	0.923669	0.854792	0.891625	0.871207	0.848189	0.847237	0.882311	0.879093	0.902761	0.854373	0.873425	0.886931	0.884858	0.852946	0.866424	0.874482	0.841966	0.893245	0.827665	0.892209	0.904462	0.912713	0.850623	0.875604	0.85714	0.845767	0.849358	0.913669	0.923183	0.868013	0.921438	0.923319	0.884482	0.923116	0.894574	0.895647	0.848884	0.832467	0.829045	0.84691	0.829552	0.830157	0.838178	0.850637	0.830773	0.836959	0.846443	0.887104	0.831473	0.858799	0.912675	0.873448	0.89662	0.880803	0.894699	0.839373	0.843702	0.924452	0.838078	0.844446	0.894572	0.919986	0.908952	0.924486	0.881778	0.910628	0.836286	0.884012	0.916481	0.922782	0.905485	0.842797	0.897914	0.88956
0.833066	0.826221	0.835053	0.968566	0.843504	0.831558	0.965943	0.831826	0.830572	0.974065	0.846021	0.845053	0.849793	1	0.970768	0.832813	0.828377	0.837868	0.823237	0.846464	0.844931	0.840083	0.840402	0.840411	0.844418	0.840567	0.842299	0.835777	0.835836	0.838056	0.830612	0.863238	0.972165	0.842716	0.894297	0.845	0.835567	0.832285	0.839788	0.841982	0.967996	0.971509	0.893056	0.844163	0.847719	0.838355	0.842598	0.843032	0.835452	0.837467	0.841074	0.8439	0.845628	0.844454	0.846778	0.841411	0.843612	0.842036	0.844472	0.844907	0.841724	0.845212	0.842762	0.838806	0.855612	0.844776	0.846765	0.844739	0.832896	0.845248	0.840692	0.95841	0.840573	0.935838	0.848397	0.837389	0.835075	0.846437	0.898042	0.845943	0.84434	0.845518	0.842851	0.846483	0.836672	0.845702	0.831714	0.837166	0.835668	0.829904	0.8419	0.83853	0.834736	0.821233	0.815473	0.838523	0.842407	0.823062	0.843028	0.840265	0.83678	0.83945	0.835636	0.83148	0.840024	0.845065	0.836515	0.835313	0.8443	0.830801	0.83835	0.843469	0.833466	0.836141	0.837807	0.825083	0.832172	0.836537	0.836364	0.846863	0.838585	0.837296	0.844254	0.839401	0.831622	0.829996	0.84084	0.836399	0.843139	0.82493	0.845802	0.89264	0.843068	0.832558	0.836735	0.833404	0.829873	0.83241	0.843497	0.845495	0.832489	0.841784	0.841899	0.836677	0.845435	0.842767	0.843239	0.830921	0.829799	0.827925	0.82987	0.969843	0.969318	0.833182	0.829866	0.818864	0.82264	0.826456	0.844409	0.827075	0.840588	0.840537	0.844496	0.841145	0.838799	0.838036	0.827278	0.829261	0.838987	0.833279	0.837682	0.843524	0.843161	0.842324	0.839928	0.836443	0.843021	0.821855	0.841244	0.875734	0.840404	0.845854	0.821011	0.846337	0.844726
0.829803	0.825916	0.829101	0.971225	0.837396	0.831286	0.9722	0.831117	0.830055	0.98101	0.841224	0.839181	0.844021	0.970768	1	0.832194	0.828651	0.838152	0.828927	0.840187	0.837206	0.837237	0.837612	0.836157	0.838886	0.834089	0.836931	0.83692	0.832989	0.834167	0.831098	0.856762	0.976032	0.839869	0.887505	0.839358	0.833427	0.83129	0.837284	0.839781	0.970213	0.971123	0.886294	0.840026	0.843662	0.836794	0.836085	0.836891	0.832729	0.835687	0.834838	0.83732	0.838111	0.838526	0.840253	0.83476	0.83649	0.835453	0.836677	0.837787	0.835868	0.837231	0.835928	0.83335	0.849335	0.841643	0.839849	0.838094	0.831799	0.838764	0.834092	0.955954	0.834128	0.932705	0.841501	0.834293	0.831442	0.841135	0.88874	0.840339	0.839526	0.839231	0.836977	0.839522	0.834016	0.840029	0.828849	0.83584	0.83461	0.828377	0.836364	0.83553	0.832007	0.820927	0.815959	0.836337	0.839494	0.823548	0.836852	0.836864	0.833159	0.834988	0.837166	0.831512	0.837683	0.839863	0.834746	0.832399	0.838743	0.828745	0.835335	0.837445	0.828414	0.835718	0.838058	0.824665	0.829006	0.837175	0.834768	0.840215	0.832105	0.83726	0.83922	0.835073	0.832613	0.829725	0.834477	0.833994	0.837229	0.826097	0.839759	0.886186	0.836858	0.827168	0.836683	0.834968	0.827733	0.828424	0.83749	0.839656	0.831241	0.835407	0.835825	0.832533	0.839796	0.836152	0.836926	0.828815	0.830116	0.826929	0.827999	0.974163	0.976045	0.832052	0.828854	0.818155	0.823884	0.826454	0.840249	0.82708	0.83833	0.835471	0.841263	0.837861	0.839049	0.837365	0.826804	0.830538	0.832376	0.828501	0.83699	0.84078	0.837928	0.837594	0.833283	0.835919	0.837338	0.821381	0.83865	0.869056	0.834229	0.83933	0.820453	0.841428	0.840776
0.826435	0.823491	0.827093	0.833071	0.828621	0.830403	0.832844	0.827108	0.827486	0.831727	0.831722	0.828054	0.835362	0.832813	0.832194	1	0.824642	0.82881	0.826449	0.829815	0.829732	0.828108	0.829638	0.9743	0.830093	0.825704	0.828695	0.831474	0.827042	0.827143	0.8302	0.825388	0.831007	0.832337	0.829356	0.830686	0.975764	0.827501	0.969104	0.833925	0.833405	0.832287	0.829043	0.833856	0.921406	0.974821	0.827834	0.825192	0.977327	0.975394	0.972013	0.8289	0.937888	0.832037	0.936189	0.828372	0.829162	0.826389	0.832732	0.833358	0.826069	0.954619	0.827612	0.831761	0.831966	0.833756	0.906084	0.827036	0.82902	0.840756	0.827879	0.833726	0.82527	0.833154	0.936336	0.829138	0.828192	0.834617	0.830817	0.882874	0.829671	0.900433	0.828949	0.907379	0.827634	0.831051	0.825245	0.977544	0.8281	0.984256	0.826094	0.830982	0.8256	0.820753	0.81674	0.828398	0.829421	0.822164	0.8296	0.828977	0.827182	0.829495	0.828965	0.828674	0.829333	0.83351	0.828485	0.827964	0.829948	0.826447	0.825885	0.830106	0.826068	0.829972	0.827873	0.820912	0.825217	0.82874	0.828966	0.831437	0.826792	0.830551	0.827113	0.827271	0.826424	0.826703	0.828415	0.832972	0.82787	0.825652	0.82992	0.832523	0.827952	0.821279	0.830367	0.827501	0.825526	0.82457	0.856001	0.831459	0.828109	0.826284	0.826246	0.827986	0.832822	0.82859	0.830878	0.82418	0.82846	0.826046	0.824773	0.826622	0.826823	0.830714	0.825379	0.81737	0.820946	0.824441	0.831983	0.824385	0.83084	0.827286	0.83533	0.833359	0.829293	0.83125	0.823293	0.824305	0.822983	0.825608	0.83079	0.830239	0.846799	0.829237	0.824294	0.829319	0.8297	0.819368	0.829384	0.828091	0.824937	0.828955	0.819668	0.829365	0.920548
0.978664	0.982705	0.974748	0.83133	0.830512	0.826081	0.832114	0.98006	0.823532	0.82719	0.829576	0.829084	0.833094	0.828377	0.828651	0.824642	1	0.959386	0.824649	0.829988	0.831602	0.826783	0.964654	0.827765	0.831117	0.840922	0.953123	0.829061	0.827434	0.826778	0.837492	0.825899	0.830495	0.834003	0.829766	0.916122	0.827696	0.828576	0.829921	0.837315	0.830587	0.829738	0.826964	0.833367	0.831305	0.830096	0.876753	0.85643	0.825779	0.826791	0.828044	0.828148	0.828551	0.830435	0.83089	0.829442	0.829185	0.827738	0.830787	0.829862	0.827365	0.829194	0.828044	0.827594	0.831072	0.923162	0.830868	0.827107	0.825539	0.832074	0.830395	0.831901	0.839846	0.833027	0.831027	0.830159	0.977053	0.832468	0.829326	0.831152	0.829624	0.830276	0.829628	0.829744	0.972427	0.904267	0.977642	0.82894	0.831373	0.823686	0.827915	0.830542	0.829814	0.818328	0.815125	0.831063	0.83163	0.821577	0.830431	0.828866	0.8271	0.828897	0.827756	0.826602	0.828732	0.832421	0.829146	0.83093	0.827561	0.825522	0.825499	0.830232	0.823245	0.829473	0.828011	0.819212	0.82495	0.829046	0.830144	0.831525	0.824203	0.83003	0.82826	0.828839	0.825181	0.826758	0.828208	0.828112	0.828602	0.823115	0.917213	0.832028	0.867332	0.894933	0.831649	0.829837	0.8226	0.826171	0.825863	0.831147	0.827152	0.82546	0.82736	0.829719	0.83084	0.829165	0.831135	0.822703	0.826892	0.824394	0.822765	0.823497	0.823529	0.828212	0.825162	0.81609	0.819435	0.82394	0.832665	0.984016	0.958374	0.827459	0.83528	0.833027	0.83061	0.831337	0.822385	0.821329	0.823171	0.977537	0.830609	0.827938	0.827392	0.827696	0.823708	0.830984	0.829901	0.82055	0.829704	0.827157	0.825798	0.891574	0.819953	0.832097	0.831432
0.958137	0.953381	0.956575	0.843692	0.861013	0.833742	0.844374	0.960762	0.826876	0.8342	0.854361	0.857608	0.860202	0.837868	0.838152	0.82881	0.959386	1	0.827421	0.860752	0.853855	0.85572	0.967689	0.839239	0.859699	0.871829	0.959056	0.841171	0.834048	0.834603	0.837825	0.855082	0.835348	0.849857	0.856678	0.933399	0.836178	0.838942	0.841562	0.850399	0.84297	0.841433	0.855207	0.848709	0.854285	0.840861	0.901425	0.883849	0.83338	0.83621	0.837699	0.85356	0.845874	0.850131	0.853065	0.842926	0.845396	0.84721	0.84916	0.854556	0.855721	0.845219	0.856478	0.83683	0.858002	0.935106	0.85501	0.857393	0.829421	0.850898	0.844436	0.849047	0.869592	0.853986	0.850412	0.839134	0.959525	0.85574	0.85461	0.858654	0.857187	0.85592	0.856838	0.853984	0.961025	0.922677	0.957003	0.836172	0.840346	0.82607	0.85792	0.839208	0.839726	0.819013	0.815867	0.846061	0.860682	0.823864	0.857977	0.840814	0.836476	0.841415	0.846185	0.832512	0.847852	0.855361	0.840962	0.839617	0.852127	0.832477	0.83758	0.857907	0.830585	0.848693	0.849367	0.825444	0.830666	0.844234	0.842399	0.855397	0.833711	0.846806	0.850978	0.847627	0.838456	0.836	0.846628	0.836689	0.854003	0.824405	0.938677	0.858122	0.893856	0.898468	0.841956	0.838223	0.825882	0.831317	0.855445	0.858757	0.833432	0.854308	0.856891	0.843575	0.859004	0.850156	0.853134	0.826592	0.828236	0.825031	0.828643	0.824614	0.825657	0.833185	0.829298	0.814893	0.821738	0.828248	0.850797	0.955983	0.954224	0.857585	0.851835	0.851158	0.847499	0.848241	0.823477	0.828124	0.854567	0.954627	0.842324	0.85481	0.858891	0.856434	0.855105	0.853738	0.858815	0.819924	0.853392	0.856563	0.856793	0.916962	0.819667	0.85832	0.854305
0.823848	0.822621	0.821749	0.82838	0.827114	0.825556	0.828659	0.824201	0.818854	0.823869	0.827788	0.82685	0.829492	0.823237	0.828927	0.826449	0.824649	0.827421	1	0.827366	0.825364	0.822909	0.826245	0.827416	0.873669	0.824776	0.825054	0.828409	0.82331	0.822486	0.825226	0.826405	0.825186	0.829759	0.825876	0.828321	0.826858	0.824239	0.828545	0.825348	0.82688	0.825597	0.826508	0.825395	0.830354	0.829131	0.827194	0.826209	0.825654	0.826879	0.826689	0.826805	0.826266	0.828728	0.828067	0.823796	0.824806	0.825798	0.825146	0.827442	0.826834	0.825831	0.824164	0.823196	0.832614	0.84556	0.828748	0.827161	0.970871	0.826946	0.823638	0.82843	0.82607	0.828815	0.829042	0.825524	0.823702	0.831092	0.826985	0.829153	0.828534	0.828601	0.827589	0.827779	0.825807	0.828254	0.822019	0.827802	0.824797	0.825237	0.826303	0.828538	0.824188	0.818698	0.813475	0.826486	0.827271	0.821437	0.828396	0.828126	0.826359	0.825918	0.83003	0.826062	0.827819	0.830821	0.825574	0.823639	0.827188	0.821329	0.823968	0.828091	0.820669	0.827215	0.826634	0.818392	0.822024	0.826706	0.829629	0.829594	0.820183	0.827012	0.824897	0.825068	0.825013	0.824983	0.823733	0.824634	0.823528	0.824399	0.826427	0.828373	0.827881	0.81419	0.827717	0.82532	0.821185	0.821971	0.826068	0.82968	0.825548	0.825244	0.825849	0.824367	0.830238	0.824438	0.827852	0.818798	0.825996	0.822788	0.820982	0.821086	0.821817	0.823651	0.822304	0.817332	0.819955	0.823091	0.829073	0.822926	0.828557	0.824921	0.82781	0.831108	0.826383	0.830449	0.823197	0.823008	0.822955	0.822296	0.824302	0.826591	0.82721	0.826384	0.823879	0.826294	0.827326	0.821532	0.827131	0.825375	0.823833	0.82778	0.816275	0.828897	0.829251
0.83698	0.824771	0.837333	0.852165	0.958082	0.839409	0.850861	0.833284	0.827039	0.835565	0.918909	0.945796	0.924407	0.846464	0.840187	0.829815	0.829988	0.860752	0.827366	1	0.899072	0.893733	0.855109	0.845403	0.931165	0.958112	0.864555	0.841619	0.844053	0.846876	0.824722	0.952715	0.837302	0.873185	0.929365	0.896775	0.841451	0.842884	0.849541	0.860771	0.851864	0.849908	0.931042	0.868436	0.892153	0.845751	0.930696	0.943039	0.838241	0.841702	0.847242	0.918665	0.878988	0.885007	0.883549	0.852716	0.863801	0.875361	0.877813	0.909843	0.945123	0.865577	0.925579	0.844485	0.926737	0.882019	0.90764	0.957971	0.830729	0.877401	0.859762	0.868866	0.959274	0.890113	0.881862	0.84742	0.837052	0.909239	0.926774	0.926748	0.933246	0.910362	0.936208	0.905352	0.846506	0.90611	0.835308	0.841772	0.843932	0.827682	0.938448	0.844319	0.853975	0.827	0.819873	0.87269	0.92369	0.828693	0.915558	0.862227	0.851789	0.848717	0.855124	0.842566	0.872977	0.902047	0.850724	0.848893	0.907302	0.838939	0.853497	0.924648	0.837118	0.861298	0.863433	0.821425	0.837538	0.852724	0.862462	0.904632	0.845449	0.873554	0.88502	0.880516	0.842642	0.842883	0.867686	0.841487	0.89223	0.824541	0.90024	0.9271	0.93711	0.827737	0.852086	0.852983	0.832215	0.840866	0.944185	0.935559	0.8405	0.9491	0.953799	0.855525	0.929692	0.891656	0.900156	0.832683	0.826401	0.822978	0.838275	0.825954	0.826794	0.83743	0.835608	0.823842	0.825969	0.835787	0.877223	0.827829	0.857801	0.942593	0.876501	0.878564	0.871735	0.874639	0.834818	0.842649	0.968877	0.834967	0.844204	0.902384	0.951827	0.922661	0.968272	0.875472	0.928641	0.829203	0.883963	0.945816	0.950879	0.919649	0.824223	0.914565	0.894929
0.838525	0.827361	0.840157	0.846191	0.899221	0.835288	0.844449	0.835167	0.830191	0.833897	0.883551	0.892147	0.891142	0.844931	0.837206	0.829732	0.831602	0.853855	0.825364	0.899072	1	0.869797	0.85312	0.844512	0.894824	0.897735	0.861091	0.844205	0.83703	0.839316	0.830864	0.895031	0.835532	0.863415	0.888976	0.876998	0.839551	0.842575	0.846244	0.854031	0.847269	0.846188	0.89051	0.858701	0.873005	0.842975	0.892498	0.891608	0.836307	0.839634	0.845207	0.885882	0.867754	0.87617	0.871608	0.854993	0.864222	0.864176	0.87134	0.8856	0.890439	0.861036	0.892236	0.845196	0.89373	0.867345	0.884639	0.898246	0.831285	0.868713	0.85585	0.85852	0.899807	0.873378	0.870542	0.848069	0.839708	0.879228	0.890867	0.892266	0.887619	0.886221	0.892623	0.882094	0.845493	0.880082	0.836786	0.83977	0.844456	0.827347	0.889749	0.8465	0.843428	0.820428	0.820106	0.854787	0.883412	0.825456	0.889503	0.851689	0.844899	0.849074	0.846514	0.833963	0.858601	0.879641	0.843125	0.845481	0.879206	0.837057	0.844045	0.891576	0.834326	0.85112	0.851288	0.82404	0.834072	0.847694	0.850605	0.880351	0.841801	0.852253	0.870246	0.863289	0.837938	0.838655	0.861988	0.841424	0.875417	0.825547	0.882777	0.887561	0.894521	0.835205	0.84525	0.839779	0.828763	0.833244	0.892774	0.894707	0.837939	0.895914	0.895302	0.85232	0.891621	0.876477	0.877041	0.82825	0.831717	0.828868	0.831315	0.82479	0.825293	0.836896	0.831627	0.818077	0.822659	0.827836	0.866066	0.830553	0.852957	0.890281	0.864245	0.861979	0.852435	0.859416	0.826719	0.832068	0.8987	0.837796	0.843001	0.8722	0.895117	0.884574	0.898834	0.861089	0.891475	0.822732	0.86192	0.895237	0.896104	0.890562	0.820523	0.88328	0.873791
0.832044	0.821818	0.831891	0.846055	0.894814	0.880489	0.845138	0.830332	0.82685	0.832109	0.889247	0.893741	0.908062	0.840083	0.837237	0.828108	0.826783	0.85572	0.822909	0.893733	0.869797	1	0.848589	0.8419	0.886266	0.890195	0.8542	0.841494	0.862162	0.863559	0.827642	0.886572	0.833644	0.85995	0.87881	0.872212	0.838705	0.856642	0.845266	0.853436	0.846074	0.844404	0.881142	0.856105	0.870546	0.842585	0.879772	0.885063	0.835628	0.838973	0.84093	0.885488	0.858159	0.863213	0.865255	0.84532	0.852403	0.875908	0.859233	0.875391	0.88355	0.853129	0.891715	0.83883	0.882702	0.866254	0.873068	0.889099	0.826358	0.87549	0.865431	0.85647	0.888877	0.867209	0.862303	0.84099	0.832065	0.893563	0.878421	0.881884	0.900495	0.875955	0.891414	0.873364	0.840026	0.874017	0.830726	0.838621	0.840439	0.825486	0.896477	0.841913	0.862358	0.843053	0.859747	0.873854	0.912886	0.845161	0.879473	0.867597	0.862911	0.844446	0.869098	0.853178	0.880827	0.885877	0.864117	0.883724	0.887065	0.873204	0.863137	0.90286	0.854923	0.901409	0.87759	0.867019	0.856689	0.89944	0.884657	0.890004	0.864051	0.871001	0.885614	0.876363	0.870123	0.885708	0.871778	0.836289	0.884044	0.822765	0.873888	0.881901	0.883521	0.865799	0.894193	0.86416	0.850893	0.856037	0.88697	0.897605	0.877356	0.891706	0.891853	0.893722	0.902178	0.880871	0.885541	0.854138	0.826626	0.822984	0.856019	0.822546	0.823251	0.832298	0.857458	0.834099	0.842598	0.851532	0.88406	0.824994	0.849145	0.886644	0.861234	0.896955	0.879265	0.898201	0.851465	0.852098	0.890797	0.829634	0.842384	0.896397	0.89655	0.8929	0.891537	0.879938	0.882063	0.844747	0.887893	0.885668	0.893345	0.881586	0.86306	0.876056	0.869942
0.966807	0.960922	0.967536	0.842309	0.855667	0.832944	0.842552	0.968471	0.828646	0.834199	0.851186	0.852701	0.85684	0.840402	0.837612	0.829638	0.964654	0.967689	0.826245	0.855109	0.85312	0.848589	1	0.840132	0.855329	0.865826	0.965674	0.840036	0.834277	0.834461	0.838982	0.850411	0.835987	0.849917	0.852263	0.933961	0.836325	0.83954	0.841478	0.84939	0.842944	0.842401	0.851276	0.848289	0.852086	0.840363	0.898542	0.879799	0.834365	0.836464	0.839347	0.851333	0.846443	0.84985	0.851847	0.844667	0.846733	0.847036	0.849794	0.852395	0.850898	0.846206	0.85231	0.838661	0.854642	0.938079	0.852625	0.851949	0.830367	0.851089	0.846816	0.847605	0.864985	0.852667	0.850272	0.840507	0.970144	0.853002	0.851553	0.854339	0.852783	0.852701	0.853123	0.852177	0.968885	0.923218	0.96609	0.83692	0.84128	0.826663	0.852139	0.840179	0.840463	0.81903	0.814956	0.845495	0.854175	0.823139	0.854101	0.842673	0.838219	0.84207	0.84241	0.83296	0.846125	0.852672	0.840415	0.840299	0.850028	0.83274	0.837341	0.854209	0.831253	0.845721	0.845367	0.826634	0.831909	0.842541	0.842659	0.852861	0.835857	0.844993	0.849861	0.847263	0.83571	0.836144	0.846887	0.838305	0.851517	0.824548	0.939378	0.854558	0.890706	0.90469	0.841088	0.839315	0.826365	0.832728	0.850135	0.854991	0.833341	0.849821	0.852119	0.844121	0.854196	0.850128	0.85085	0.827092	0.828889	0.82619	0.829384	0.82566	0.825928	0.834532	0.829478	0.815247	0.821112	0.827421	0.850348	0.96287	0.960853	0.851298	0.851173	0.849429	0.845368	0.845975	0.824335	0.827347	0.848418	0.966591	0.841931	0.84888	0.852357	0.85087	0.849157	0.849788	0.853845	0.820227	0.849492	0.851571	0.850945	0.914751	0.820186	0.854291	0.851661
0.83252	0.825333	0.833684	0.839558	0.844237	0.83482	0.838237	0.832352	0.829446	0.834377	0.845928	0.843401	0.850248	0.840411	0.836157	0.9743	0.827765	0.839239	0.827416	0.845403	0.844512	0.8419	0.840132	1	0.845799	0.841726	0.841513	0.838503	0.833394	0.834773	0.832649	0.840872	0.834633	0.84322	0.843699	0.844144	0.973578	0.836175	0.9722	0.843509	0.841524	0.840525	0.843416	0.843812	0.93335	0.976033	0.842779	0.840338	0.97509	0.972805	0.974436	0.843577	0.948318	0.844602	0.948435	0.838987	0.840895	0.839222	0.846273	0.847736	0.84162	0.964208	0.843167	0.839799	0.846848	0.845916	0.921157	0.842818	0.833825	0.852988	0.839639	0.844504	0.84139	0.845967	0.94754	0.837751	0.834613	0.848051	0.845224	0.897982	0.844181	0.914699	0.844237	0.921443	0.835941	0.844672	0.830859	0.973407	0.834539	0.972951	0.841711	0.839105	0.832984	0.821164	0.817993	0.837836	0.843897	0.8234	0.844849	0.838591	0.835992	0.839582	0.837305	0.83279	0.840953	0.84799	0.836557	0.834857	0.844081	0.833223	0.835217	0.844987	0.832387	0.840229	0.838299	0.825432	0.830273	0.837251	0.837541	0.845626	0.835952	0.839334	0.840954	0.840104	0.832691	0.833309	0.841606	0.839914	0.84291	0.826451	0.844601	0.847034	0.843554	0.831911	0.837817	0.833992	0.829421	0.829793	0.871851	0.846239	0.833907	0.841584	0.841931	0.83845	0.847484	0.842383	0.844635	0.828412	0.830538	0.827418	0.828671	0.827286	0.827251	0.834761	0.829745	0.817781	0.823057	0.826941	0.844346	0.826362	0.839619	0.842838	0.846866	0.843802	0.838107	0.841644	0.824883	0.829026	0.839102	0.83129	0.838945	0.84381	0.862649	0.844317	0.840732	0.841223	0.844953	0.820453	0.842034	0.84334	0.841023	0.844272	0.820264	0.844013	0.932828
