0.000000	0.142348	0.137094	0.281857	0.283763	0.286915	0.283646	0.141592	0.254551	0.288667	0.290377	0.284359	0.286210	0.280656	0.283517	0.285535	0.137865	0.137344	0.257021	0.289426	0.260149	0.297145	0.136153	0.281259	0.254355	0.162117	0.140041	0.290267	0.287954	0.259938	0.255415	0.291349	0.279543	0.260443	0.287986	0.139902	0.282999	0.281466	0.284410	0.251515	0.282219	0.286229	0.289796	0.260561	0.281433	0.285784	0.136585	0.139851	0.282289	0.284441	0.285811	0.285055	0.277695	0.260843	0.283986	0.260297	0.257972	0.288403	0.260270	0.257271	0.260767	0.280657	0.276969	0.262628	0.264850	0.155444	0.280062	0.254505	0.258279	0.278546	0.273672	0.283905	0.157816	0.279042	0.285489	0.265526	0.134669	0.286801	0.274212	0.280103	0.292295	0.284916	0.278928	0.278905	0.140818	0.143744	0.137712	0.282106	0.262044	0.282237	0.285879	0.262458	0.287389	0.288558	0.300774	0.289440	0.286393	0.288437	0.257183	0.291440	0.283675	0.253181	0.289517	0.292110	0.287433	0.290547	0.292678	0.292363	0.294914	0.294682	0.291493	0.292753	0.291009	0.297345	0.293356	0.287584	0.290679	0.290147	0.292650	0.296626	0.288596	0.291822	0.290772	0.291374	0.288480	0.292789	0.276172	0.258842	0.278219	0.254471	0.136071	0.279604	0.149822	0.224867	0.295890	0.289222	0.291828	0.296709	0.281818	0.284072	0.290631	0.283199	0.286741	0.289379	0.285226	0.277600	0.292989	0.258290	0.261923	0.288486	0.286753	0.287986	0.289764	0.258783	0.288517	0.290157	0.295327	0.288603	0.280994	0.141082	0.149333	0.252940	0.263147	0.294806	0.288948	0.289275	0.287854	0.293593	0.266603	0.132717	0.255174	0.289826	0.288164	0.297493	0.272107	0.278038	0.264478	0.294664	0.291734	0.281155	0.292719	0.154105	0.257950	0.282020	0.293662	
0.142348	0.000000	0.139047	0.270682	0.281931	0.289298	0.272877	0.142184	0.250097	0.287064	0.289289	0.271743	0.281768	0.273344	0.274703	0.282975	0.141744	0.140059	0.257397	0.280316	0.256990	0.298493	0.139443	0.279760	0.254847	0.165580	0.138239	0.287588	0.280220	0.260358	0.256151	0.283088	0.272534	0.263636	0.276496	0.139228	0.283335	0.274187	0.284550	0.248682	0.271586	0.275095	0.276348	0.255679	0.282504	0.285728	0.144665	0.138289	0.283301	0.281969	0.282272	0.285898	0.276862	0.261702	0.285644	0.257530	0.259434	0.286693	0.257381	0.253763	0.257159	0.282297	0.272035	0.260193	0.267244	0.158459	0.279759	0.251284	0.253785	0.275886	0.272886	0.272504	0.150846	0.266413	0.282720	0.264338	0.137944	0.286697	0.269491	0.283740	0.287142	0.285925	0.276071	0.275164	0.140087	0.141911	0.144879	0.280317	0.255941	0.280934	0.282573	0.261928	0.287414	0.287851	0.296293	0.286063	0.284477	0.286184	0.261598	0.288434	0.279162	0.256669	0.286632	0.293010	0.288177	0.282403	0.295606	0.286962	0.286585	0.296672	0.288260	0.293231	0.286750	0.294952	0.293230	0.285055	0.285590	0.288439	0.293946	0.292322	0.289242	0.286400	0.285277	0.288610	0.285231	0.295354	0.274668	0.258077	0.277014	0.251456	0.142536	0.271215	0.153535	0.221420	0.295653	0.284459	0.287712	0.292839	0.282341	0.289605	0.293879	0.284543	0.285191	0.286366	0.283342	0.276513	0.293451	0.258180	0.260790	0.286444	0.274944	0.278784	0.287964	0.256754	0.287962	0.288870	0.293868	0.285217	0.276541	0.138926	0.148324	0.250435	0.257546	0.295158	0.288395	0.288458	0.284832	0.288992	0.262675	0.142926	0.254948	0.292581	0.286910	0.288512	0.266007	0.269919	0.263002	0.292775	0.295034	0.269904	0.286844	0.151410	0.258500	0.279484	0.293498	
0.137094	0.139047	0.000000	0.279472	0.282203	0.289469	0.279316	0.135086	0.258058	0.285994	0.293841	0.279853	0.287419	0.276016	0.279400	0.282875	0.135034	0.140002	0.257843	0.281502	0.261143	0.298810	0.138765	0.281495	0.258266	0.158547	0.134550	0.291687	0.287055	0.262051	0.256497	0.289802	0.275395	0.263751	0.282561	0.136652	0.281877	0.280144	0.282898	0.252859	0.276484	0.281892	0.286144	0.258246	0.281792	0.285534	0.138379	0.144226	0.280978	0.286517	0.283818	0.286696	0.278700	0.261014	0.283137	0.261930	0.261785	0.289915	0.265079	0.258820	0.257752	0.279722	0.276843	0.263738	0.264932	0.156859	0.283638	0.256151	0.256903	0.281011	0.276559	0.279627	0.153310	0.274722	0.282772	0.264477	0.131394	0.288709	0.273856	0.283307	0.292722	0.285639	0.279565	0.275963	0.135610	0.140139	0.144549	0.278955	0.262727	0.282955	0.286117	0.263352	0.288398	0.289924	0.297109	0.291113	0.282624	0.289957	0.260865	0.292939	0.284591	0.253714	0.289197	0.294345	0.287081	0.288095	0.294362	0.290392	0.291133	0.296146	0.293376	0.293021	0.288534	0.295103	0.295849	0.287845	0.291272	0.290257	0.291423	0.292536	0.290673	0.294412	0.290884	0.286931	0.286101	0.297462	0.281586	0.261389	0.279642	0.253741	0.138333	0.273270	0.148280	0.226537	0.293363	0.290422	0.288612	0.294106	0.283497	0.288069	0.294828	0.280778	0.291737	0.289379	0.281136	0.276617	0.296486	0.261679	0.262087	0.290416	0.283278	0.281823	0.289970	0.263235	0.292452	0.290391	0.296264	0.292416	0.277318	0.139309	0.145910	0.251016	0.261756	0.295043	0.292167	0.289443	0.287798	0.295338	0.273034	0.131837	0.264052	0.293219	0.290442	0.293391	0.274334	0.272256	0.260513	0.296863	0.292122	0.277712	0.288832	0.147831	0.259295	0.278151	0.296024	
0.281857	0.270682	0.279472	0.000000	0.289506	0.286450	0.127488	0.276253	0.247690	0.275150	0.275265	0.131571	0.276264	0.134038	0.136619	0.276528	0.275989	0.277128	0.257562	0.260079	0.255485	0.287406	0.277528	0.272435	0.256419	0.275763	0.279181	0.279961	0.278588	0.256194	0.253000	0.140300	0.133501	0.252040	0.135342	0.279868	0.278655	0.273636	0.278336	0.254322	0.133833	0.129230	0.132065	0.254626	0.267397	0.278855	0.276671	0.273875	0.277816	0.276561	0.278952	0.281736	0.275715	0.253281	0.277257	0.255638	0.254972	0.281675	0.251022	0.249409	0.257294	0.274568	0.278261	0.245501	0.229376	0.276303	0.275222	0.236035	0.244326	0.274178	0.274600	0.133144	0.280134	0.133393	0.277844	0.255662	0.277454	0.283796	0.142742	0.279915	0.289659	0.276476	0.273754	0.276313	0.279097	0.277581	0.283037	0.275406	0.252499	0.274801	0.276026	0.250781	0.288705	0.283092	0.292185	0.285953	0.287011	0.285089	0.257511	0.280063	0.272665	0.253392	0.283936	0.290379	0.280178	0.283482	0.295364	0.283929	0.280707	0.292600	0.283723	0.288567	0.280642	0.293614	0.292476	0.282411	0.280642	0.286299	0.287897	0.284701	0.284295	0.282337	0.278462	0.290335	0.281323	0.287821	0.273022	0.254810	0.274629	0.254929	0.275276	0.145777	0.276340	0.283845	0.287556	0.285062	0.278905	0.285728	0.281483	0.283399	0.288921	0.282484	0.280170	0.287975	0.274308	0.272133	0.288368	0.252583	0.254896	0.287405	0.132604	0.128498	0.284186	0.252763	0.279635	0.277546	0.283967	0.287951	0.272430	0.278871	0.283488	0.258324	0.257568	0.290587	0.288129	0.287870	0.273796	0.279602	0.263768	0.282674	0.256885	0.277871	0.286725	0.284755	0.264651	0.269038	0.256983	0.286604	0.285772	0.142312	0.281152	0.280757	0.251133	0.277545	0.290326	
0.283763	0.281931	0.282203	0.289506	0.000000	0.265898	0.289289	0.290562	0.266930	0.227653	0.237711	0.290210	0.260359	0.292872	0.294046	0.287097	0.286688	0.281442	0.266221	0.245812	0.272466	0.271755	0.288494	0.284781	0.262177	0.267904	0.279311	0.264363	0.261041	0.265995	0.268993	0.294118	0.288061	0.268244	0.297260	0.289235	0.286344	0.288617	0.287452	0.274705	0.290609	0.292608	0.299687	0.270808	0.284080	0.285432	0.282177	0.283091	0.287750	0.285020	0.282219	0.262658	0.288049	0.264075	0.283935	0.266319	0.268379	0.263664	0.271773	0.266145	0.269432	0.287437	0.258895	0.263853	0.272651	0.280349	0.282643	0.255749	0.269738	0.257872	0.252624	0.292597	0.276300	0.290867	0.285802	0.268820	0.284608	0.254580	0.285023	0.287559	0.248947	0.283736	0.231686	0.283439	0.286843	0.285507	0.283159	0.285823	0.262682	0.285671	0.259932	0.262140	0.226859	0.250948	0.263046	0.234683	0.251918	0.268274	0.271377	0.271192	0.263918	0.274277	0.266768	0.238781	0.260535	0.266615	0.268992	0.264746	0.236341	0.263198	0.232502	0.259760	0.266829	0.262506	0.268641	0.263293	0.261391	0.267082	0.265802	0.266551	0.265734	0.239497	0.266646	0.265350	0.271433	0.263285	0.256449	0.269924	0.262568	0.270843	0.282164	0.282122	0.277706	0.276753	0.261121	0.233439	0.263845	0.272479	0.290604	0.258053	0.245939	0.234051	0.232837	0.254421	0.264789	0.247793	0.230327	0.269974	0.270558	0.260448	0.292657	0.295416	0.224917	0.269948	0.260091	0.227142	0.265223	0.242102	0.277692	0.285649	0.285823	0.273370	0.268664	0.258544	0.241713	0.260390	0.226178	0.238797	0.262934	0.283437	0.270932	0.233088	0.289486	0.271497	0.244464	0.286731	0.271516	0.233703	0.218902	0.288684	0.258595	0.287727	0.276242	0.288878	0.266697	
0.286915	0.289298	0.289469	0.286450	0.265898	0.000000	0.289435	0.292523	0.263968	0.247664	0.253001	0.291647	0.230219	0.286255	0.291574	0.294827	0.292426	0.292341	0.267306	0.264487	0.272670	0.232827	0.294123	0.287873	0.267647	0.285642	0.290461	0.269004	0.267396	0.272364	0.271475	0.290784	0.280027	0.270000	0.288215	0.290933	0.288070	0.249123	0.290307	0.274905	0.287316	0.290677	0.291532	0.273336	0.293067	0.291723	0.289130	0.290646	0.291280	0.291223	0.290047	0.270209	0.288298	0.274096	0.290658	0.268743	0.270007	0.270633	0.273052	0.270822	0.263610	0.286944	0.235816	0.269331	0.274447	0.288799	0.288593	0.264867	0.267961	0.244978	0.240629	0.288156	0.293961	0.284197	0.291868	0.272188	0.290176	0.251721	0.285008	0.288155	0.224945	0.290687	0.257985	0.291602	0.292631	0.292957	0.294078	0.290166	0.270262	0.288543	0.258003	0.271226	0.261889	0.260533	0.214942	0.250879	0.239796	0.261833	0.257603	0.263301	0.248494	0.267210	0.266459	0.263779	0.270028	0.267165	0.265306	0.229591	0.256382	0.195574	0.258071	0.224551	0.255683	0.226646	0.281636	0.241047	0.259607	0.238783	0.238309	0.270375	0.264928	0.259023	0.264907	0.272925	0.262149	0.219788	0.242335	0.269193	0.247162	0.273302	0.289595	0.282548	0.286472	0.255832	0.217923	0.256068	0.271665	0.278896	0.296234	0.236549	0.224036	0.254237	0.240811	0.230538	0.214011	0.258445	0.265642	0.271140	0.276146	0.266583	0.294534	0.291768	0.243280	0.272780	0.259012	0.256252	0.249928	0.261366	0.248226	0.292137	0.290713	0.270652	0.270152	0.221819	0.258880	0.234176	0.259521	0.275381	0.258065	0.296461	0.265521	0.255938	0.284515	0.276128	0.259684	0.252261	0.272551	0.257140	0.260856	0.283133	0.249216	0.291748	0.268400	0.288565	0.229728	
0.283646	0.272877	0.279316	0.127488	0.289289	0.289435	0.000000	0.280586	0.251193	0.277019	0.276554	0.129142	0.272480	0.129486	0.132706	0.273804	0.276150	0.278373	0.256790	0.267176	0.255937	0.287802	0.279519	0.272063	0.257866	0.273677	0.276335	0.278916	0.278459	0.255415	0.251695	0.143139	0.128682	0.250348	0.136068	0.278122	0.277729	0.272104	0.275205	0.255629	0.135327	0.127602	0.133203	0.253490	0.270237	0.274464	0.277406	0.278711	0.276811	0.273923	0.279099	0.283416	0.272465	0.255783	0.274586	0.254758	0.253068	0.283222	0.253019	0.248549	0.262236	0.272522	0.276048	0.251436	0.230743	0.279754	0.273553	0.232558	0.249248	0.273211	0.275640	0.126593	0.284805	0.137292	0.276919	0.259114	0.277545	0.283204	0.138656	0.280139	0.288026	0.277790	0.278235	0.273679	0.281110	0.281648	0.280940	0.274426	0.252965	0.275112	0.281857	0.251392	0.291017	0.288282	0.292384	0.290288	0.285425	0.284240	0.252630	0.283325	0.274761	0.252514	0.280110	0.292813	0.280448	0.285381	0.292607	0.287306	0.285963	0.293814	0.286132	0.290355	0.279930	0.294506	0.292016	0.286185	0.284046	0.284057	0.288499	0.283304	0.284753	0.287023	0.283328	0.285857	0.284505	0.291970	0.271861	0.252273	0.274060	0.252345	0.275361	0.144817	0.282544	0.286338	0.291076	0.287923	0.278609	0.287967	0.280062	0.284848	0.292327	0.279989	0.282255	0.288828	0.282250	0.277700	0.286754	0.251951	0.254655	0.288308	0.130839	0.128804	0.285617	0.251052	0.281548	0.279440	0.285034	0.290232	0.268068	0.277260	0.283681	0.252008	0.254651	0.289812	0.291733	0.287942	0.278188	0.282984	0.267537	0.282769	0.251790	0.281069	0.289948	0.280350	0.272077	0.267961	0.262273	0.287941	0.287604	0.141900	0.286313	0.283040	0.250972	0.273918	0.292011	
0.141592	0.142184	0.135086	0.276253	0.290562	0.292523	0.280586	0.000000	0.254205	0.287141	0.293481	0.275609	0.289072	0.276487	0.280155	0.285164	0.136521	0.141100	0.260369	0.291787	0.264928	0.302167	0.136126	0.281474	0.262546	0.168007	0.139542	0.294571	0.287923	0.258751	0.254493	0.285845	0.276279	0.258399	0.283478	0.140969	0.285120	0.282169	0.283456	0.251049	0.276940	0.281481	0.286275	0.261575	0.281584	0.288990	0.140485	0.143295	0.283467	0.284554	0.286599	0.287705	0.280217	0.255010	0.287595	0.260844	0.259583	0.295557	0.262386	0.256939	0.259162	0.279508	0.278655	0.260844	0.266378	0.158671	0.281493	0.259354	0.256217	0.279186	0.273609	0.280055	0.158288	0.273992	0.285307	0.266136	0.139967	0.290525	0.273771	0.283534	0.298080	0.286090	0.278070	0.278828	0.143229	0.143980	0.141261	0.281449	0.259375	0.282546	0.287340	0.260279	0.292098	0.287285	0.300637	0.293028	0.289664	0.291759	0.265515	0.292124	0.287501	0.258146	0.292738	0.292499	0.292089	0.288508	0.296543	0.293724	0.290630	0.298453	0.291263	0.300919	0.289303	0.298513	0.300020	0.288199	0.290821	0.292740	0.296448	0.293241	0.292671	0.288848	0.293444	0.296183	0.291872	0.299923	0.278514	0.257761	0.282031	0.258709	0.145221	0.275006	0.151277	0.222864	0.299311	0.292346	0.296393	0.297449	0.286831	0.294404	0.297036	0.289230	0.289873	0.289831	0.285557	0.274833	0.294065	0.257574	0.257571	0.292337	0.282121	0.281607	0.288584	0.260570	0.295917	0.292603	0.297474	0.290640	0.282690	0.140081	0.149609	0.251306	0.261612	0.297260	0.294418	0.292740	0.291655	0.294027	0.269490	0.141660	0.262209	0.295894	0.289738	0.299185	0.273879	0.279138	0.262206	0.297457	0.296562	0.278173	0.293021	0.153579	0.259092	0.281272	0.297237	
0.254551	0.250097	0.258058	0.247690	0.266930	0.263968	0.251193	0.254205	0.000000	0.260538	0.263502	0.248934	0.256817	0.247596	0.252446	0.253600	0.250266	0.252793	0.239693	0.246236	0.240093	0.267711	0.255911	0.250994	0.233789	0.257690	0.255857	0.265190	0.264541	0.234950	0.238495	0.256711	0.248836	0.232570	0.254210	0.262604	0.250656	0.256515	0.249003	0.235064	0.251782	0.253484	0.257728	0.238138	0.252174	0.250898	0.253120	0.256791	0.253195	0.250558	0.250291	0.269698	0.245720	0.234821	0.247046	0.232695	0.239968	0.269915	0.229148	0.231280	0.236842	0.250122	0.252422	0.225422	0.239220	0.255038	0.250805	0.224887	0.234281	0.252013	0.250024	0.247271	0.256752	0.244882	0.253603	0.242407	0.256465	0.260937	0.252046	0.246425	0.257904	0.250634	0.251054	0.250104	0.256403	0.260892	0.257306	0.251357	0.238202	0.246252	0.258433	0.230006	0.264098	0.257381	0.270490	0.264188	0.260616	0.267236	0.231501	0.263276	0.262405	0.234384	0.264485	0.260293	0.266983	0.264825	0.267829	0.262799	0.258019	0.264609	0.257967	0.266756	0.265128	0.268178	0.268475	0.264924	0.267862	0.258403	0.270579	0.270492	0.265203	0.266084	0.262204	0.262803	0.264791	0.269878	0.251027	0.231308	0.258610	0.241628	0.255649	0.246902	0.259072	0.260697	0.266011	0.260023	0.264376	0.267798	0.251330	0.263360	0.265033	0.253349	0.258789	0.264336	0.256122	0.253657	0.265969	0.233563	0.236019	0.268040	0.250340	0.256532	0.261582	0.234348	0.265085	0.262267	0.268260	0.265000	0.259069	0.252658	0.257090	0.233285	0.241211	0.266680	0.265399	0.264131	0.254769	0.262626	0.236205	0.257193	0.232297	0.259092	0.256630	0.267590	0.243955	0.254482	0.239416	0.261789	0.263670	0.253300	0.258523	0.258350	0.237834	0.246152	0.268146	
0.288667	0.287064	0.285994	0.275150	0.227653	0.247664	0.277019	0.287141	0.260538	0.000000	0.173739	0.275471	0.259259	0.274473	0.273528	0.288274	0.285807	0.282638	0.270332	0.239880	0.272578	0.258164	0.290710	0.282881	0.264683	0.289692	0.284259	0.259722	0.254597	0.256986	0.257663	0.273464	0.272390	0.256854	0.277806	0.291298	0.284593	0.284524	0.280328	0.262973	0.270027	0.275851	0.271304	0.266593	0.284491	0.284111	0.283504	0.293088	0.287097	0.283192	0.281352	0.256373	0.282814	0.254674	0.287833	0.266916	0.265641	0.255589	0.261242	0.263719	0.261672	0.279371	0.237902	0.259497	0.265892	0.281662	0.283955	0.253057	0.266102	0.242761	0.238095	0.274521	0.279736	0.268520	0.283627	0.263233	0.285745	0.257392	0.268659	0.285626	0.242576	0.290433	0.220521	0.287713	0.291299	0.285847	0.287391	0.284625	0.269117	0.285761	0.248626	0.257670	0.226744	0.219279	0.247335	0.227054	0.254268	0.263902	0.262738	0.254371	0.257632	0.264738	0.261474	0.239591	0.260033	0.257744	0.263679	0.259773	0.214837	0.249646	0.218130	0.260724	0.259985	0.263100	0.261608	0.253492	0.251496	0.262756	0.270954	0.253540	0.250763	0.225066	0.248641	0.262574	0.258103	0.263895	0.241190	0.264867	0.244142	0.264362	0.283534	0.269650	0.283649	0.272767	0.270979	0.216697	0.263204	0.270403	0.285035	0.268697	0.261371	0.238227	0.225383	0.270731	0.253927	0.251402	0.225691	0.257582	0.259675	0.253801	0.276088	0.277954	0.153213	0.261131	0.256519	0.229040	0.258033	0.212595	0.274427	0.285280	0.286462	0.268149	0.259020	0.261978	0.240626	0.263216	0.223115	0.230794	0.240339	0.281968	0.265496	0.223672	0.282155	0.261896	0.215505	0.283066	0.261905	0.218267	0.226528	0.270184	0.264319	0.287208	0.268876	0.280350	0.264492	
0.290377	0.289289	0.293841	0.275265	0.237711	0.253001	0.276554	0.293481	0.263502	0.173739	0.000000	0.277052	0.256226	0.278942	0.275127	0.285789	0.289216	0.290224	0.273619	0.250099	0.277513	0.264478	0.297301	0.280058	0.268236	0.291271	0.288810	0.261334	0.259240	0.259220	0.263144	0.274262	0.275556	0.260841	0.273956	0.292831	0.283955	0.291650	0.283600	0.265833	0.272883	0.279033	0.281831	0.269475	0.278010	0.281328	0.284165	0.291755	0.280266	0.282239	0.280387	0.261435	0.281533	0.260265	0.285943	0.263519	0.267819	0.263825	0.269930	0.267755	0.264083	0.279889	0.241991	0.273833	0.261205	0.281399	0.282440	0.255284	0.269502	0.247093	0.252488	0.278035	0.293554	0.273411	0.282698	0.269791	0.286722	0.263650	0.271882	0.287334	0.252739	0.279275	0.228549	0.280467	0.293072	0.290967	0.288120	0.280899	0.267476	0.281650	0.251755	0.263821	0.242365	0.231903	0.254797	0.232821	0.259910	0.263199	0.263699	0.260288	0.256115	0.267733	0.259138	0.246772	0.265670	0.267145	0.273393	0.270001	0.225027	0.260295	0.227380	0.267739	0.264341	0.269226	0.266579	0.263596	0.256983	0.266205	0.278355	0.262561	0.258968	0.237844	0.261677	0.267456	0.265821	0.271045	0.245422	0.273681	0.242923	0.272620	0.290570	0.273444	0.293927	0.273687	0.280409	0.226651	0.271742	0.276407	0.286336	0.272894	0.265213	0.244467	0.229323	0.276350	0.261946	0.260373	0.235026	0.261668	0.267986	0.259486	0.282853	0.279932	0.167383	0.270839	0.259491	0.233707	0.268674	0.228430	0.284596	0.287353	0.290179	0.268205	0.266756	0.263443	0.254894	0.269236	0.224048	0.245818	0.258802	0.287562	0.275036	0.224830	0.281762	0.268314	0.226877	0.288587	0.268924	0.236423	0.236023	0.272055	0.257082	0.290159	0.272663	0.277770	0.266867	
0.284359	0.271743	0.279853	0.131571	0.290210	0.291647	0.129142	0.275609	0.248934	0.275471	0.277052	0.000000	0.281277	0.126438	0.137408	0.279045	0.276189	0.277750	0.257758	0.264272	0.259645	0.293202	0.277459	0.277595	0.258338	0.277955	0.278033	0.280990	0.279043	0.257051	0.256920	0.137894	0.131787	0.256148	0.134214	0.279221	0.278582	0.275044	0.282810	0.252374	0.132783	0.132797	0.136573	0.255030	0.271128	0.281277	0.274469	0.276111	0.282754	0.280155	0.280819	0.289477	0.276541	0.258399	0.280663	0.257405	0.255275	0.283204	0.253156	0.251579	0.259388	0.280411	0.278860	0.251745	0.235910	0.273921	0.279476	0.238532	0.248985	0.274904	0.277378	0.128288	0.283044	0.136137	0.280608	0.256862	0.274743	0.286700	0.140337	0.283399	0.293636	0.281022	0.278917	0.275693	0.279480	0.279297	0.278278	0.280702	0.255178	0.278874	0.284229	0.255060	0.289859	0.287622	0.294266	0.289669	0.287516	0.289328	0.255642	0.288233	0.276114	0.254742	0.282883	0.293571	0.287436	0.286942	0.296687	0.285520	0.283474	0.290053	0.284577	0.289225	0.286033	0.295064	0.297130	0.287023	0.282501	0.285326	0.289019	0.281983	0.284327	0.285714	0.285474	0.289555	0.285770	0.291074	0.274159	0.255402	0.278035	0.255131	0.275033	0.145132	0.278361	0.283921	0.295366	0.283971	0.279729	0.291877	0.281355	0.287523	0.290045	0.284615	0.283355	0.288982	0.281378	0.277789	0.287281	0.256435	0.256602	0.289471	0.130607	0.126413	0.285396	0.251950	0.282823	0.284512	0.289168	0.288109	0.269170	0.275995	0.284854	0.251856	0.254980	0.293498	0.291515	0.292482	0.278622	0.283356	0.270401	0.278230	0.254935	0.282734	0.294809	0.282308	0.275551	0.274182	0.258050	0.290870	0.290859	0.141563	0.293080	0.279372	0.252690	0.278242	0.292773	
0.286210	0.281768	0.287419	0.276264	0.260359	0.230219	0.272480	0.289072	0.256817	0.259259	0.256226	0.281277	0.000000	0.273855	0.276674	0.279276	0.287943	0.290187	0.260624	0.275277	0.264607	0.225055	0.286975	0.277137	0.260601	0.281171	0.287070	0.260653	0.255756	0.261972	0.268857	0.281224	0.270702	0.261823	0.271244	0.287649	0.279556	0.253800	0.275185	0.267871	0.275282	0.279415	0.282617	0.266843	0.275971	0.278617	0.278444	0.289287	0.279883	0.279452	0.274834	0.276563	0.273169	0.263741	0.281637	0.265221	0.262955	0.279829	0.270369	0.259691	0.255456	0.276092	0.252725	0.260780	0.268093	0.285667	0.277695	0.258645	0.260837	0.246247	0.255414	0.273107	0.277758	0.272727	0.277968	0.267328	0.286971	0.257529	0.274228	0.277015	0.238325	0.273628	0.257011	0.277656	0.289674	0.286506	0.292159	0.277398	0.266995	0.281314	0.254128	0.262779	0.262694	0.257022	0.239102	0.256214	0.229839	0.275304	0.256769	0.265264	0.258609	0.270718	0.264526	0.272135	0.269103	0.265925	0.255183	0.234411	0.251409	0.231062	0.256854	0.228676	0.250950	0.227546	0.272657	0.255025	0.268203	0.223574	0.246102	0.268838	0.273123	0.265255	0.270029	0.262925	0.267347	0.248484	0.255735	0.268325	0.252682	0.260761	0.279823	0.270156	0.280323	0.262327	0.238132	0.265545	0.259761	0.275187	0.275883	0.233477	0.238374	0.252742	0.244261	0.224192	0.228416	0.246942	0.265937	0.262986	0.265202	0.258316	0.278146	0.280335	0.256758	0.262945	0.262615	0.263517	0.276176	0.254774	0.244959	0.286689	0.290158	0.262749	0.261400	0.234518	0.246895	0.224438	0.262553	0.271114	0.270877	0.284303	0.265331	0.265964	0.272051	0.276340	0.257275	0.255975	0.264460	0.271551	0.264526	0.272753	0.262046	0.285237	0.267399	0.273067	0.250814	
0.280656	0.273344	0.276016	0.134038	0.292872	0.286255	0.129486	0.276487	0.247596	0.274473	0.278942	0.126438	0.273855	0.000000	0.130599	0.277245	0.275254	0.275510	0.257434	0.270481	0.253265	0.290390	0.276326	0.275520	0.259150	0.277319	0.276408	0.277433	0.278582	0.255966	0.258554	0.145002	0.131541	0.253727	0.137566	0.278174	0.278135	0.272362	0.277984	0.252257	0.129691	0.134207	0.136474	0.252594	0.270415	0.278891	0.274163	0.276288	0.277438	0.277378	0.277918	0.283759	0.274945	0.258390	0.279912	0.253378	0.251160	0.282974	0.250448	0.250590	0.254581	0.274467	0.273952	0.252258	0.233207	0.271180	0.279567	0.237482	0.249976	0.271815	0.272470	0.131154	0.288294	0.134400	0.277514	0.258216	0.273557	0.283504	0.136405	0.278575	0.289395	0.279636	0.279826	0.277058	0.278966	0.276782	0.280838	0.274794	0.249291	0.276447	0.279635	0.255095	0.291898	0.284564	0.289320	0.288054	0.283753	0.283785	0.258517	0.282397	0.275785	0.257165	0.284120	0.292411	0.282546	0.284078	0.294369	0.284502	0.281298	0.286395	0.282516	0.285682	0.279802	0.293823	0.295340	0.285535	0.280773	0.284782	0.286189	0.283075	0.279821	0.282803	0.281703	0.286282	0.283299	0.288816	0.272353	0.253268	0.272571	0.253461	0.274280	0.142584	0.275999	0.282617	0.291317	0.286643	0.278317	0.292363	0.280803	0.279641	0.289167	0.280229	0.287330	0.287902	0.281637	0.276769	0.284259	0.257204	0.255011	0.287487	0.131714	0.130355	0.287033	0.248290	0.281514	0.282971	0.286033	0.290266	0.268496	0.277094	0.281530	0.254853	0.252769	0.291597	0.291090	0.287783	0.278133	0.284824	0.259903	0.279239	0.251861	0.283477	0.292453	0.283422	0.268262	0.265863	0.258087	0.285200	0.285656	0.137451	0.281971	0.281653	0.251321	0.277233	0.288947	
0.283517	0.274703	0.279400	0.136619	0.294046	0.291574	0.132706	0.280155	0.252446	0.273528	0.275127	0.137408	0.276674	0.130599	0.000000	0.279656	0.280471	0.276697	0.259736	0.263878	0.257248	0.287652	0.280381	0.276905	0.260951	0.282163	0.278525	0.282703	0.280829	0.256170	0.259277	0.139411	0.134822	0.254014	0.138769	0.282801	0.279460	0.268566	0.281964	0.255211	0.132841	0.135843	0.139647	0.252341	0.270229	0.279104	0.279528	0.280840	0.280364	0.279604	0.282720	0.287019	0.278410	0.257666	0.280071	0.264166	0.258843	0.284649	0.256010	0.251016	0.260557	0.277266	0.276239	0.252567	0.229596	0.278693	0.276496	0.236212	0.251667	0.273423	0.275017	0.133138	0.288789	0.132534	0.277213	0.260548	0.279810	0.284641	0.144560	0.283369	0.292905	0.276382	0.281682	0.276354	0.282350	0.283695	0.280921	0.277051	0.263230	0.279346	0.285879	0.255932	0.292144	0.290095	0.290444	0.288648	0.290065	0.287901	0.259489	0.287105	0.281019	0.255301	0.283804	0.294260	0.284360	0.287462	0.296214	0.286617	0.280029	0.289953	0.287157	0.290523	0.281659	0.294596	0.295943	0.287339	0.286213	0.288945	0.290968	0.286607	0.285160	0.285868	0.282165	0.286904	0.286047	0.287426	0.273714	0.259922	0.275637	0.257948	0.280788	0.152508	0.283107	0.284529	0.291371	0.287581	0.282012	0.295833	0.280498	0.284801	0.290001	0.286112	0.283681	0.293219	0.282436	0.277794	0.288473	0.256019	0.256841	0.292867	0.140536	0.133217	0.282546	0.252387	0.280488	0.282054	0.291735	0.287389	0.271381	0.278320	0.282775	0.258871	0.256941	0.289681	0.290078	0.292141	0.277987	0.283592	0.278609	0.282299	0.257129	0.284142	0.289646	0.286314	0.268634	0.266246	0.262228	0.292737	0.285801	0.139740	0.291623	0.287225	0.254843	0.280721	0.290819	
0.285535	0.282975	0.282875	0.276528	0.287097	0.294827	0.273804	0.285164	0.253600	0.288274	0.285789	0.279045	0.279276	0.277245	0.279656	0.000000	0.286802	0.285574	0.258146	0.276689	0.254559	0.296060	0.284578	0.134497	0.258049	0.272392	0.284658	0.289228	0.285273	0.258463	0.261635	0.280979	0.269272	0.257264	0.276832	0.288062	0.136943	0.276329	0.134030	0.256445	0.276534	0.278523	0.279459	0.255704	0.144409	0.138557	0.282287	0.291344	0.133494	0.135873	0.134536	0.287062	0.134534	0.260277	0.136723	0.258432	0.259510	0.286609	0.256367	0.254751	0.263376	0.131776	0.283394	0.249903	0.266378	0.284603	0.137439	0.252610	0.255278	0.267861	0.284841	0.275696	0.287735	0.271371	0.139619	0.262157	0.286376	0.289528	0.278033	0.144588	0.295355	0.144597	0.286215	0.138981	0.284471	0.283907	0.286803	0.140214	0.265634	0.130736	0.286994	0.258365	0.294049	0.285108	0.305360	0.290996	0.289105	0.290684	0.259544	0.284216	0.281059	0.261489	0.286785	0.297383	0.288333	0.288394	0.298368	0.296526	0.288268	0.296121	0.291126	0.292678	0.286488	0.294728	0.291258	0.295531	0.289621	0.300668	0.297003	0.293721	0.287623	0.286484	0.289227	0.289219	0.286294	0.299335	0.282231	0.253711	0.282617	0.257207	0.285085	0.276773	0.285943	0.295177	0.297428	0.294873	0.285769	0.291542	0.145999	0.291908	0.292045	0.294538	0.289837	0.298331	0.282855	0.284930	0.301665	0.262929	0.261757	0.288690	0.279810	0.280941	0.284831	0.255152	0.293340	0.289862	0.294186	0.288627	0.280465	0.286224	0.287387	0.254939	0.256008	0.294499	0.294349	0.293876	0.284625	0.289145	0.274614	0.283742	0.261115	0.288657	0.183414	0.287736	0.261152	0.277919	0.253584	0.293190	0.296742	0.277097	0.285331	0.285341	0.265858	0.136387	0.295817	
0.137865	0.141744	0.135034	0.275989	0.286688	0.292426	0.276150	0.136521	0.250266	0.285807	0.289216	0.276189	0.287943	0.275254	0.280471	0.286802	0.000000	0.140567	0.260634	0.284067	0.263119	0.297767	0.139389	0.281570	0.258163	0.161479	0.137228	0.289847	0.287633	0.260409	0.254229	0.286691	0.274248	0.256968	0.279219	0.135027	0.285244	0.280125	0.285299	0.247779	0.275161	0.278177	0.281755	0.255851	0.282447	0.285991	0.142542	0.141963	0.283274	0.285714	0.282729	0.285362	0.280091	0.257971	0.283805	0.261408	0.260861	0.289783	0.259685	0.257606	0.264307	0.283441	0.277437	0.257270	0.265889	0.158510	0.282546	0.257790	0.259038	0.280094	0.275698	0.275686	0.152214	0.269262	0.285110	0.270787	0.135265	0.289628	0.270754	0.282580	0.292773	0.288526	0.278888	0.276335	0.142334	0.141882	0.135265	0.283188	0.263296	0.283896	0.280327	0.261152	0.287331	0.286665	0.301342	0.292959	0.288544	0.287564	0.259010	0.291444	0.278607	0.253273	0.285659	0.293754	0.290879	0.283222	0.292005	0.290135	0.289762	0.298743	0.288842	0.297585	0.288337	0.295188	0.294827	0.286057	0.287592	0.294345	0.290608	0.295517	0.289960	0.285225	0.287618	0.291168	0.286267	0.297803	0.278888	0.257980	0.278274	0.252305	0.136466	0.274393	0.149454	0.227675	0.301872	0.289768	0.289669	0.295283	0.283040	0.288794	0.297036	0.285601	0.286297	0.293655	0.285164	0.279952	0.291775	0.257165	0.260596	0.292723	0.279052	0.277955	0.286680	0.259572	0.291257	0.289296	0.293908	0.288157	0.280059	0.137623	0.148613	0.248007	0.259186	0.294216	0.291765	0.291479	0.287562	0.290900	0.260723	0.136421	0.260187	0.291283	0.282339	0.294317	0.263988	0.278037	0.260781	0.297360	0.291073	0.273158	0.289423	0.152428	0.261905	0.283449	0.293924	
0.137344	0.140059	0.140002	0.277128	0.281442	0.292341	0.278373	0.141100	0.252793	0.282638	0.290224	0.277750	0.290187	0.275510	0.276697	0.285574	0.140567	0.000000	0.262507	0.287839	0.265378	0.296481	0.134895	0.284259	0.259666	0.156192	0.139683	0.288687	0.284260	0.263691	0.256415	0.286598	0.271837	0.260180	0.279837	0.136250	0.282107	0.284093	0.284596	0.253171	0.275732	0.277684	0.281202	0.261438	0.281051	0.286011	0.143246	0.144209	0.282358	0.283454	0.284569	0.291366	0.279229	0.261707	0.285685	0.263515	0.262840	0.294712	0.262577	0.258152	0.258264	0.279653	0.275977	0.264281	0.267195	0.157953	0.282708	0.257692	0.263210	0.281413	0.271474	0.276736	0.160850	0.273174	0.284147	0.264464	0.134667	0.291623	0.271992	0.280104	0.291876	0.283827	0.279361	0.275621	0.145605	0.147468	0.137313	0.279700	0.262507	0.283192	0.289021	0.262944	0.287326	0.292567	0.302716	0.290557	0.290744	0.292280	0.262706	0.293393	0.285884	0.255579	0.292077	0.297196	0.290141	0.286509	0.301235	0.291853	0.289908	0.298902	0.290243	0.295431	0.291321	0.294153	0.297872	0.289828	0.292408	0.290760	0.298905	0.297604	0.290878	0.290271	0.292326	0.289729	0.290338	0.297447	0.277584	0.261737	0.279525	0.257619	0.140628	0.271937	0.149056	0.227939	0.297292	0.291255	0.295412	0.301928	0.283531	0.290875	0.296732	0.285154	0.287599	0.289414	0.286994	0.279224	0.294659	0.259952	0.261136	0.290841	0.282094	0.277932	0.289102	0.260986	0.293978	0.293648	0.295602	0.286858	0.282882	0.145669	0.146568	0.253081	0.266058	0.299228	0.290513	0.294106	0.286490	0.291159	0.259690	0.136131	0.258994	0.291194	0.287802	0.294246	0.269638	0.278070	0.260930	0.294007	0.295728	0.273553	0.292525	0.150717	0.259466	0.279441	0.298389	
0.257021	0.257397	0.257843	0.257562	0.266221	0.267306	0.256790	0.260369	0.239693	0.270332	0.273619	0.257758	0.260624	0.257434	0.259736	0.258146	0.260634	0.262507	0.000000	0.260863	0.248766	0.277514	0.262774	0.253324	0.125162	0.257874	0.261714	0.266067	0.266654	0.243119	0.242184	0.266463	0.253104	0.240678	0.260919	0.259928	0.259936	0.256616	0.258030	0.243439	0.260275	0.260573	0.263609	0.248915	0.254805	0.255292	0.258065	0.265210	0.258549	0.255218	0.258885	0.269628	0.254679	0.244140	0.256831	0.242347	0.243888	0.264827	0.237868	0.238269	0.239994	0.255561	0.263392	0.238414	0.243478	0.236171	0.258820	0.233258	0.114906	0.259747	0.264039	0.257671	0.260007	0.256799	0.256025	0.239194	0.258477	0.266399	0.256422	0.260821	0.276156	0.260934	0.266237	0.254170	0.265405	0.263656	0.259560	0.258800	0.241814	0.256170	0.256967	0.239903	0.268155	0.267797	0.279969	0.266765	0.269244	0.259191	0.242217	0.264471	0.259540	0.240779	0.261630	0.274489	0.260749	0.263611	0.269387	0.273311	0.271328	0.279876	0.273293	0.272222	0.268910	0.270782	0.269295	0.261671	0.262780	0.271234	0.266354	0.267678	0.270837	0.264362	0.268206	0.265979	0.264966	0.279218	0.263920	0.239607	0.264901	0.240557	0.254727	0.261414	0.263983	0.265385	0.275949	0.274709	0.263840	0.270928	0.259571	0.264302	0.275334	0.268092	0.260913	0.272010	0.263710	0.268156	0.267996	0.244535	0.243542	0.265409	0.258835	0.260878	0.268075	0.236544	0.264387	0.266622	0.274891	0.275979	0.258179	0.258532	0.266660	0.235731	0.246563	0.273283	0.264393	0.266372	0.263683	0.267172	0.249516	0.259833	0.241049	0.266289	0.264785	0.268287	0.243008	0.256293	0.243638	0.268652	0.268209	0.261490	0.262283	0.263698	0.241528	0.255202	0.277611	
0.289426	0.280316	0.281502	0.260079	0.245812	0.264487	0.267176	0.291787	0.246236	0.239880	0.250099	0.264272	0.275277	0.270481	0.263878	0.276689	0.284067	0.287839	0.260863	0.000000	0.267774	0.275816	0.282970	0.271579	0.264629	0.274900	0.282878	0.270751	0.267751	0.260303	0.257043	0.266283	0.264401	0.262130	0.263882	0.283754	0.275541	0.283328	0.276073	0.259822	0.257704	0.265138	0.266052	0.264325	0.275419	0.268609	0.283131	0.290714	0.271413	0.277050	0.267724	0.267377	0.268987	0.259282	0.271658	0.257371	0.261446	0.270208	0.263999	0.261011	0.266049	0.269248	0.260436	0.260598	0.256312	0.282442	0.274725	0.261563	0.258579	0.272477	0.272644	0.263757	0.272684	0.257500	0.274223	0.265515	0.285150	0.270115	0.258087	0.277387	0.260351	0.270558	0.240715	0.273119	0.289085	0.290675	0.284108	0.274429	0.255489	0.268511	0.269289	0.263190	0.243539	0.244715	0.277905	0.245676	0.273422	0.269916	0.265382	0.267481	0.278448	0.260724	0.268177	0.247456	0.279741	0.268487	0.276240	0.286915	0.249527	0.274543	0.243025	0.283773	0.273391	0.286832	0.269678	0.272645	0.267012	0.283930	0.272059	0.275499	0.271065	0.232879	0.261217	0.263166	0.276832	0.269856	0.268405	0.262529	0.266158	0.257532	0.275900	0.260990	0.278871	0.284005	0.267186	0.240134	0.268886	0.261445	0.265323	0.265530	0.271939	0.232039	0.229003	0.270324	0.260840	0.263133	0.253678	0.258202	0.256449	0.273417	0.266738	0.269689	0.245590	0.262996	0.266008	0.247493	0.272686	0.254795	0.280049	0.285758	0.281383	0.259545	0.264939	0.272741	0.243048	0.274543	0.234240	0.232480	0.255859	0.287084	0.270744	0.235851	0.273228	0.269042	0.254910	0.280979	0.263868	0.252818	0.246629	0.258641	0.268497	0.284330	0.266832	0.277935	0.267408	
0.260149	0.256990	0.261143	0.255485	0.272466	0.272670	0.255937	0.264928	0.240093	0.272578	0.277513	0.259645	0.264607	0.253265	0.257248	0.254559	0.263119	0.265378	0.248766	0.267774	0.000000	0.272169	0.266379	0.248134	0.249687	0.257979	0.264191	0.270146	0.263866	0.240490	0.243650	0.258989	0.251814	0.238801	0.258131	0.261907	0.253658	0.255184	0.256983	0.237393	0.253491	0.258927	0.261451	0.236620	0.252376	0.256659	0.254043	0.265919	0.253202	0.252708	0.248842	0.273816	0.253182	0.241294	0.253882	0.233860	0.241953	0.267481	0.235300	0.232473	0.233631	0.251905	0.251838	0.234825	0.250445	0.261719	0.257726	0.244064	0.245495	0.253025	0.258642	0.255244	0.259395	0.254638	0.253865	0.243540	0.262329	0.265204	0.252023	0.255106	0.268861	0.256056	0.262346	0.249637	0.263368	0.264571	0.266094	0.254599	0.241522	0.252964	0.267855	0.236590	0.277527	0.263721	0.270608	0.270588	0.263738	0.270682	0.238014	0.270567	0.267482	0.239359	0.269756	0.272603	0.268836	0.270786	0.276506	0.268959	0.269754	0.271609	0.268963	0.271388	0.272011	0.274089	0.271168	0.273231	0.264607	0.269895	0.267944	0.270565	0.265789	0.268654	0.263917	0.266266	0.269283	0.276491	0.254977	0.239140	0.256016	0.242034	0.264528	0.254389	0.264888	0.273051	0.275164	0.264064	0.267387	0.279331	0.258873	0.263177	0.273567	0.268406	0.271397	0.267377	0.274625	0.259143	0.273830	0.238977	0.240034	0.274576	0.259867	0.256318	0.273511	0.234319	0.270066	0.271716	0.278331	0.278676	0.253580	0.266583	0.264780	0.239351	0.240367	0.273047	0.269181	0.267952	0.267814	0.267895	0.259165	0.266632	0.240747	0.267209	0.270597	0.271345	0.253989	0.259124	0.232223	0.269619	0.266996	0.260894	0.263416	0.261537	0.239893	0.252395	0.277895	
0.297145	0.298493	0.298810	0.287406	0.271755	0.232827	0.287802	0.302167	0.267711	0.258164	0.264478	0.293202	0.225055	0.290390	0.287652	0.296060	0.297767	0.296481	0.277514	0.275816	0.272169	0.000000	0.300265	0.292729	0.274227	0.293088	0.296313	0.260458	0.261080	0.269043	0.272418	0.291595	0.285162	0.261907	0.288539	0.295846	0.293689	0.258462	0.299238	0.274558	0.288869	0.290559	0.293725	0.274866	0.296423	0.298763	0.293196	0.295072	0.296153	0.296501	0.298176	0.273170	0.293449	0.270807	0.295516	0.274538	0.273787	0.274044	0.270688	0.270014	0.268009	0.296057	0.259929	0.269345	0.273090	0.296234	0.295200	0.265150	0.272197	0.266615	0.261197	0.285985	0.297063	0.285455	0.298854	0.270318	0.297133	0.257440	0.290796	0.293651	0.238422	0.293430	0.264760	0.295718	0.304789	0.296652	0.298524	0.295397	0.278359	0.294481	0.264990	0.268039	0.273189	0.257496	0.236862	0.269085	0.240498	0.265791	0.270576	0.271820	0.269346	0.274873	0.274597	0.276375	0.265386	0.274469	0.275695	0.230395	0.266067	0.237764	0.262716	0.241521	0.261258	0.224370	0.264052	0.256365	0.256260	0.217761	0.244395	0.264628	0.256600	0.271226	0.260202	0.278208	0.250247	0.231235	0.266015	0.272355	0.261462	0.272969	0.294063	0.287860	0.293416	0.260182	0.218097	0.264823	0.260635	0.269146	0.300199	0.237038	0.244792	0.263505	0.248932	0.223278	0.238904	0.258266	0.275265	0.265067	0.270859	0.260539	0.288936	0.289474	0.257253	0.270609	0.254327	0.269082	0.274559	0.265335	0.243422	0.296117	0.296566	0.270886	0.271585	0.244216	0.261322	0.225713	0.254820	0.265746	0.268330	0.300176	0.269847	0.253257	0.291002	0.276879	0.267601	0.261493	0.278442	0.264105	0.270331	0.283969	0.271856	0.292022	0.274162	0.296717	0.232627	
0.136153	0.139443	0.138765	0.277528	0.288494	0.294123	0.279519	0.136126	0.255911	0.290710	0.297301	0.277459	0.286975	0.276326	0.280381	0.284578	0.139389	0.134895	0.262774	0.282970	0.266379	0.300265	0.000000	0.285992	0.261860	0.161913	0.136297	0.295157	0.288660	0.263998	0.258442	0.290234	0.277967	0.262289	0.283843	0.142006	0.288304	0.282089	0.287945	0.254029	0.278578	0.281788	0.284403	0.263507	0.284990	0.290944	0.141791	0.139420	0.283646	0.287759	0.287579	0.287733	0.280564	0.264406	0.286013	0.269008	0.266146	0.293127	0.262465	0.257486	0.255254	0.282162	0.281785	0.262498	0.267285	0.156979	0.281928	0.252540	0.258806	0.286643	0.279188	0.278540	0.153642	0.273057	0.285389	0.264870	0.134921	0.292363	0.278368	0.284785	0.291262	0.287832	0.282422	0.283070	0.135161	0.143939	0.138405	0.286770	0.265954	0.286117	0.284962	0.266771	0.289776	0.291501	0.301060	0.292795	0.291488	0.291468	0.264044	0.290114	0.286188	0.254270	0.290528	0.296822	0.289268	0.288149	0.298853	0.292635	0.296913	0.299805	0.293487	0.298942	0.293969	0.296253	0.295231	0.289542	0.292344	0.290712	0.297668	0.294353	0.288833	0.290488	0.290015	0.289694	0.290131	0.297856	0.282590	0.260012	0.285685	0.260895	0.138012	0.274124	0.150493	0.225828	0.303320	0.293083	0.294398	0.297197	0.284873	0.292643	0.300389	0.287613	0.292869	0.293055	0.286330	0.285643	0.295964	0.262183	0.264153	0.293518	0.281317	0.282554	0.290674	0.258194	0.292946	0.292330	0.298370	0.293368	0.283902	0.134024	0.143148	0.256548	0.266214	0.299595	0.293838	0.290812	0.290695	0.294553	0.264791	0.140645	0.262094	0.293697	0.291891	0.297531	0.275498	0.279044	0.258950	0.299523	0.297317	0.278799	0.296019	0.151838	0.262239	0.285028	0.296343	
0.281259	0.279760	0.281495	0.272435	0.284781	0.287873	0.272063	0.281474	0.250994	0.282881	0.280058	0.277595	0.277137	0.275520	0.276905	0.134497	0.281570	0.284259	0.253324	0.271579	0.248134	0.292729	0.285992	0.000000	0.250648	0.267911	0.281070	0.285396	0.281738	0.252977	0.255935	0.277379	0.267204	0.252529	0.275961	0.286318	0.134900	0.276812	0.132525	0.255880	0.271377	0.274110	0.278312	0.255082	0.146501	0.138174	0.279518	0.292337	0.135469	0.133282	0.130582	0.283947	0.134701	0.255028	0.136638	0.257755	0.259201	0.285097	0.250696	0.252142	0.257151	0.134555	0.277632	0.247115	0.260283	0.277981	0.137395	0.248309	0.251621	0.262176	0.275674	0.269999	0.284307	0.268207	0.139583	0.262543	0.282946	0.287923	0.270684	0.142269	0.290546	0.142316	0.279048	0.136718	0.280419	0.279351	0.285050	0.136096	0.260512	0.136381	0.283092	0.253650	0.289154	0.279833	0.298091	0.283826	0.286582	0.287585	0.257329	0.281661	0.278957	0.255156	0.286105	0.291832	0.282097	0.283922	0.293012	0.292434	0.282132	0.286602	0.284784	0.287668	0.289844	0.294060	0.290449	0.289794	0.288624	0.290962	0.293135	0.290984	0.286714	0.283369	0.286535	0.285062	0.284357	0.293759	0.273635	0.249635	0.274970	0.253214	0.278793	0.268282	0.279713	0.292532	0.292880	0.291764	0.280790	0.292645	0.146219	0.288506	0.290310	0.287402	0.281435	0.290514	0.281202	0.280846	0.293727	0.258748	0.255220	0.287304	0.276542	0.276385	0.280353	0.247854	0.286088	0.283349	0.292267	0.283026	0.279530	0.284858	0.283605	0.255034	0.252567	0.290968	0.285672	0.289606	0.277993	0.284742	0.267797	0.278391	0.257730	0.283229	0.180783	0.287273	0.255749	0.276333	0.251085	0.288030	0.289658	0.275561	0.280880	0.282424	0.261679	0.131181	0.292127	
