0.000000	0.286113	0.289015	0.285628	0.301373	0.301505	0.285997	0.287115	0.272133	0.301276	0.276899	0.285979	0.300839	0.291914	0.280508	0.300959	0.290005	0.301233	0.282963	0.280552	0.248186	0.285596	0.285636	0.281533	0.287484	0.293982	0.285610	0.286518	0.277779	0.271521	0.281438	0.303420	0.290297	0.301129	0.280822	0.284248	0.285280	0.294617	0.291637	0.301711	0.291277	0.286515	0.292230	0.301627	0.254187	0.256516	0.284009	0.283806	0.291487	0.287331	0.280124	0.280279	0.255114	0.286851	0.277190	0.284218	0.289083	0.289272	0.285877	0.261328	0.255463	0.286881	0.290122	0.291769	0.301264	0.289450	0.287603	0.284071	0.280985	0.278687	0.301681	0.277324	0.301147	0.283732	0.301147	0.287980	0.259702	0.289228	0.283226	0.286253	0.301324	0.301248	0.290339	0.289292	0.269662	0.240246	0.289477	0.285671	0.277625	0.285998	0.242403	0.286505	0.268544	0.280038	0.249305	0.273154	0.284189	0.275899	0.286971	0.303666	0.278496	0.301489	0.270662	0.285233	0.272981	0.276335	0.291140	0.286032	0.301695	0.277499	0.301476	0.300877	0.287395	0.301778	0.275420	0.280840	0.301268	0.285940	0.285185	0.281236	0.300783	0.284873	0.287330	0.286170	0.284621	0.286354	0.291200	0.302465	0.288543	0.291063	0.240691	0.257647	0.276890	0.285180	0.289257	0.301384	0.288894	0.286909	0.292129	0.301113	0.301443	0.273127	0.284439	0.287546	0.291758	0.286824	0.278108	0.279910	0.279541	0.286679	0.276815	0.289149	0.289086	0.301412	0.289780	0.279980	0.291741	0.267353	0.266207	0.289477	0.301761	0.301586	0.277859	0.284499	0.289719	0.301194	0.291549	0.300888	0.301226	0.255511	0.301618	0.301466	0.259501	0.289600	0.286213	0.242571	0.301233	0.301580	0.273438	0.301473	
0.286113	0.000000	0.262438	0.262579	0.278625	0.278976	0.262143	0.263956	0.293101	0.277103	0.281746	0.262198	0.278324	0.269536	0.290384	0.278523	0.291152	0.278863	0.293091	0.292748	0.293956	0.291131	0.262405	0.294211	0.290568	0.291358	0.262711	0.263910	0.289891	0.278724	0.294892	0.280741	0.294429	0.278324	0.291985	0.293175	0.288995	0.289064	0.269439	0.278753	0.269135	0.263502	0.269693	0.279091	0.291286	0.293698	0.264054	0.291041	0.292266	0.264460	0.292168	0.291085	0.289742	0.261634	0.282596	0.289928	0.262968	0.262999	0.263026	0.290574	0.290108	0.263625	0.264389	0.269700	0.278632	0.263617	0.261114	0.290864	0.294451	0.292839	0.278912	0.281974	0.278685	0.292127	0.278474	0.290874	0.291784	0.262795	0.259253	0.263480	0.278806	0.278436	0.268823	0.263944	0.282568	0.291648	0.264159	0.261869	0.292657	0.262699	0.292710	0.291657	0.282212	0.291024	0.295606	0.293241	0.291380	0.293707	0.262866	0.280249	0.292107	0.278474	0.281252	0.291321	0.292927	0.291370	0.269122	0.262009	0.278756	0.294024	0.278740	0.278528	0.293885	0.278776	0.286890	0.291087	0.278685	0.263070	0.291333	0.294438	0.278642	0.291336	0.292337	0.261905	0.290992	0.260785	0.269277	0.279924	0.293003	0.269262	0.291397	0.289977	0.281796	0.262345	0.262810	0.278830	0.263856	0.263757	0.269902	0.278593	0.278877	0.278697	0.292626	0.291186	0.292014	0.265643	0.289444	0.290973	0.292769	0.262200	0.282061	0.263636	0.262982	0.278580	0.263786	0.293096	0.269507	0.281833	0.289977	0.262959	0.278830	0.278799	0.282469	0.291072	0.263650	0.278773	0.269165	0.278294	0.278633	0.290536	0.278632	0.278726	0.289010	0.263668	0.293012	0.292861	0.278803	0.278761	0.278859	0.278594	
0.289015	0.262438	0.000000	0.263596	0.281836	0.281958	0.265953	0.268035	0.294806	0.281578	0.282716	0.266011	0.281675	0.269365	0.297136	0.281569	0.294945	0.281909	0.295641	0.298068	0.298454	0.294327	0.262567	0.295947	0.292919	0.294697	0.263740	0.267654	0.294829	0.281617	0.297464	0.282976	0.296162	0.281578	0.295299	0.295685	0.293229	0.293941	0.269177	0.281833	0.269126	0.266677	0.270068	0.281718	0.297316	0.297552	0.265522	0.294049	0.295619	0.264446	0.295135	0.295636	0.293229	0.260479	0.284567	0.295892	0.267013	0.141924	0.264003	0.295698	0.294056	0.267462	0.267742	0.269844	0.281782	0.267063	0.263904	0.294552	0.295373	0.297435	0.282008	0.284521	0.281960	0.295804	0.281787	0.293167	0.295497	0.135782	0.263202	0.266440	0.281872	0.281483	0.268879	0.267699	0.287134	0.296993	0.267819	0.265883	0.296953	0.263649	0.293766	0.294554	0.287425	0.297801	0.297678	0.295802	0.294455	0.294308	0.145850	0.282310	0.295541	0.281721	0.282539	0.294391	0.295032	0.295425	0.269171	0.266012	0.282074	0.296521	0.281815	0.281624	0.296793	0.282236	0.288455	0.293559	0.281735	0.264052	0.294384	0.295541	0.281826	0.295021	0.297123	0.266460	0.295052	0.263847	0.269211	0.282279	0.295157	0.269010	0.294445	0.294312	0.284165	0.266428	0.135882	0.282051	0.267671	0.267177	0.270056	0.281762	0.282004	0.284638	0.296559	0.293993	0.295564	0.265737	0.291654	0.295443	0.295025	0.260726	0.283918	0.267055	0.267122	0.281864	0.267478	0.298150	0.269379	0.286887	0.293655	0.267100	0.282157	0.282178	0.284786	0.294824	0.267199	0.282021	0.269365	0.281672	0.281972	0.293896	0.281587	0.281888	0.292226	0.267176	0.295651	0.294338	0.281730	0.281955	0.284943	0.281785	
0.285628	0.262579	0.263596	0.000000	0.279455	0.279688	0.263145	0.264912	0.293141	0.279621	0.284051	0.262833	0.277866	0.271002	0.295465	0.279555	0.295965	0.279827	0.294158	0.294677	0.297355	0.293797	0.261318	0.295306	0.294154	0.294458	0.135752	0.264642	0.293060	0.280111	0.297825	0.283568	0.295580	0.279151	0.293117	0.294419	0.291711	0.293033	0.270909	0.279679	0.270614	0.265448	0.271430	0.279889	0.295186	0.296224	0.262201	0.294311	0.294570	0.262753	0.296128	0.295510	0.293487	0.261539	0.284399	0.295497	0.263451	0.264336	0.136794	0.295325	0.294271	0.264372	0.263217	0.270924	0.279480	0.263047	0.260897	0.295450	0.294447	0.294875	0.279828	0.284365	0.279476	0.295319	0.279568	0.294766	0.295631	0.264060	0.258846	0.265227	0.279569	0.279555	0.270106	0.264777	0.285943	0.296961	0.264468	0.262585	0.296168	0.134008	0.293792	0.293344	0.285418	0.296239	0.298288	0.294838	0.294929	0.293326	0.264356	0.283247	0.293587	0.279615	0.283635	0.294030	0.293543	0.294924	0.270647	0.262907	0.279518	0.296542	0.279578	0.279734	0.294653	0.279903	0.288651	0.293053	0.279570	0.263173	0.294067	0.295413	0.279641	0.293930	0.296577	0.263494	0.293586	0.260545	0.270826	0.282528	0.294334	0.270641	0.293663	0.293293	0.284435	0.262426	0.264113	0.279666	0.264703	0.265669	0.271493	0.279556	0.279841	0.284193	0.295839	0.294317	0.294712	0.263832	0.292755	0.295025	0.295531	0.261806	0.283920	0.262643	0.263542	0.279496	0.262964	0.297867	0.271021	0.285210	0.292933	0.263517	0.279924	0.279903	0.284661	0.295737	0.263096	0.279733	0.270687	0.279378	0.279466	0.294542	0.279295	0.279488	0.292011	0.263067	0.295521	0.294405	0.279732	0.279806	0.284499	0.279619	
0.301373	0.278625	0.281836	0.279455	0.000000	0.153414	0.278227	0.278142	0.307090	0.153087	0.300135	0.280525	0.152789	0.284725	0.309262	0.152587	0.310561	0.152586	0.306477	0.310951	0.309009	0.309561	0.277807	0.309497	0.309131	0.309649	0.277829	0.280330	0.308175	0.297049	0.311437	0.300291	0.312495	0.153474	0.310452	0.309632	0.307919	0.308903	0.287655	0.152049	0.287392	0.280655	0.286862	0.151519	0.310550	0.311436	0.277374	0.310385	0.311283	0.276265	0.310913	0.311015	0.307629	0.276000	0.301083	0.310995	0.276696	0.282759	0.280717	0.308004	0.309684	0.280108	0.281258	0.287801	0.152025	0.280716	0.279446	0.311170	0.310046	0.310890	0.152376	0.300672	0.153122	0.307558	0.151294	0.309375	0.309246	0.282363	0.275539	0.280597	0.151332	0.151353	0.285158	0.278642	0.299240	0.312277	0.279829	0.280301	0.312800	0.279962	0.308681	0.309033	0.299792	0.313273	0.311009	0.309617	0.310004	0.309859	0.279617	0.299468	0.311771	0.152555	0.298048	0.310104	0.306807	0.311266	0.287071	0.278380	0.151068	0.309889	0.151684	0.152339	0.312532	0.151544	0.290411	0.308087	0.151230	0.277377	0.309979	0.311270	0.154693	0.310354	0.312806	0.277898	0.310925	0.276660	0.287281	0.291988	0.311298	0.287237	0.308223	0.307965	0.300581	0.279166	0.282389	0.153131	0.279511	0.279017	0.283273	0.151515	0.151659	0.300878	0.308486	0.308726	0.310865	0.277078	0.306641	0.310477	0.309649	0.274441	0.299631	0.280658	0.277012	0.151378	0.280739	0.310660	0.287938	0.298942	0.308083	0.277554	0.150651	0.150451	0.300628	0.311720	0.281026	0.151632	0.287005	0.151265	0.152920	0.309124	0.152301	0.151232	0.305160	0.280473	0.310440	0.307619	0.150603	0.150781	0.300869	0.150608	
0.301505	0.278976	0.281958	0.279688	0.153414	0.000000	0.278553	0.278310	0.307034	0.153829	0.300428	0.280606	0.153166	0.285046	0.308680	0.152890	0.309986	0.153080	0.306457	0.310570	0.308632	0.309143	0.278249	0.309431	0.308628	0.309633	0.278228	0.280797	0.307726	0.297417	0.311278	0.300375	0.312103	0.154012	0.310146	0.309087	0.307472	0.308349	0.287999	0.152414	0.287726	0.280861	0.287189	0.151953	0.310132	0.311338	0.277757	0.309838	0.310937	0.276484	0.310518	0.310139	0.307423	0.276309	0.301332	0.310878	0.278505	0.282812	0.280952	0.307735	0.309405	0.280494	0.281441	0.288252	0.152500	0.280850	0.279872	0.309699	0.309494	0.310644	0.152917	0.300987	0.153260	0.307445	0.151829	0.309036	0.309078	0.282534	0.275720	0.281104	0.151603	0.151829	0.285213	0.278892	0.299495	0.312098	0.280018	0.280433	0.312635	0.280016	0.308589	0.308727	0.300180	0.312703	0.310689	0.309561	0.309984	0.309825	0.279561	0.299661	0.311124	0.153019	0.298700	0.309463	0.306806	0.310778	0.287394	0.278594	0.151625	0.309885	0.152199	0.152766	0.311897	0.151962	0.290935	0.307968	0.151829	0.277849	0.309353	0.311355	0.155206	0.309956	0.312159	0.278269	0.309995	0.276842	0.287794	0.292068	0.310827	0.287623	0.308451	0.307929	0.301067	0.279347	0.282692	0.153499	0.279852	0.279152	0.283642	0.151886	0.152156	0.300769	0.308324	0.308386	0.310595	0.277300	0.306137	0.309603	0.309791	0.274869	0.299952	0.280782	0.278763	0.151732	0.280998	0.310565	0.288306	0.299514	0.308177	0.279288	0.151227	0.150897	0.300902	0.310242	0.281312	0.152033	0.287449	0.151698	0.153342	0.309024	0.152913	0.151924	0.305045	0.280601	0.310470	0.307664	0.150975	0.150988	0.300706	0.150998	
0.285997	0.262143	0.265953	0.263145	0.278227	0.278553	0.000000	0.265079	0.295021	0.278286	0.284182	0.133858	0.278096	0.270302	0.295954	0.276620	0.296224	0.278478	0.295203	0.297418	0.297404	0.295373	0.261686	0.295523	0.294202	0.293957	0.263192	0.264400	0.293970	0.281160	0.297777	0.284665	0.297629	0.278163	0.296279	0.295415	0.293110	0.294599	0.269668	0.278471	0.269838	0.262800	0.270313	0.278240	0.295111	0.295290	0.263326	0.294234	0.295884	0.260723	0.294848	0.295132	0.292523	0.260761	0.284519	0.295638	0.262334	0.266796	0.263512	0.293623	0.293110	0.264740	0.262284	0.270285	0.278261	0.261666	0.262114	0.296280	0.296457	0.296972	0.278261	0.284369	0.278332	0.295360	0.278282	0.294496	0.294347	0.266448	0.260230	0.262492	0.278356	0.278122	0.269415	0.264722	0.286768	0.296682	0.264295	0.132881	0.296374	0.262787	0.294534	0.294528	0.286549	0.296638	0.296591	0.296241	0.295141	0.294251	0.266023	0.282695	0.295278	0.278020	0.282173	0.295313	0.294832	0.296144	0.269623	0.134590	0.278184	0.296654	0.278259	0.278185	0.297633	0.278296	0.284943	0.293503	0.278173	0.261120	0.295612	0.295834	0.278241	0.296310	0.297408	0.260759	0.295728	0.257652	0.269731	0.283294	0.295757	0.269661	0.293719	0.292313	0.284073	0.260322	0.266345	0.276999	0.264319	0.263259	0.270448	0.278248	0.278349	0.282734	0.295687	0.294436	0.295833	0.262997	0.291044	0.295246	0.295856	0.261173	0.284068	0.261415	0.263414	0.278198	0.261804	0.297688	0.270152	0.286113	0.292017	0.263451	0.278480	0.278400	0.284881	0.296368	0.261654	0.278428	0.269627	0.278054	0.278332	0.293270	0.278075	0.278241	0.290344	0.261518	0.295421	0.294750	0.278170	0.278511	0.282897	0.278102	
0.287115	0.263956	0.268035	0.264912	0.278142	0.278310	0.265079	0.000000	0.296136	0.277824	0.285528	0.264916	0.277638	0.273059	0.295207	0.277709	0.294889	0.278066	0.295101	0.296096	0.297665	0.295940	0.265293	0.296746	0.295462	0.295845	0.264984	0.139753	0.294737	0.282706	0.296753	0.284928	0.297845	0.277791	0.295864	0.296366	0.293089	0.296431	0.273356	0.278129	0.273145	0.266770	0.273583	0.278170	0.297725	0.297595	0.265971	0.293662	0.294034	0.265041	0.296046	0.296095	0.293769	0.264174	0.286399	0.294424	0.263672	0.267978	0.265003	0.297198	0.294667	0.137768	0.266524	0.273431	0.277786	0.266517	0.265100	0.296712	0.297117	0.296375	0.277672	0.286129	0.278151	0.295707	0.277853	0.295711	0.295184	0.268215	0.264356	0.266739	0.278073	0.277726	0.272735	0.268066	0.287193	0.295273	0.268018	0.264756	0.296395	0.264809	0.295489	0.294615	0.286784	0.296089	0.299044	0.295057	0.295421	0.295604	0.268103	0.285026	0.295805	0.277869	0.283153	0.296096	0.296493	0.295204	0.273135	0.264946	0.278075	0.296652	0.278044	0.277995	0.296447	0.278192	0.288639	0.295217	0.277768	0.264594	0.295837	0.296853	0.278009	0.295895	0.296071	0.266478	0.296300	0.261699	0.273352	0.283779	0.296387	0.273359	0.294863	0.294342	0.286150	0.265453	0.268227	0.278047	0.268065	0.266882	0.273705	0.277969	0.277883	0.285568	0.296422	0.293591	0.294039	0.266981	0.293209	0.296133	0.296554	0.264520	0.285696	0.266396	0.263628	0.277885	0.266682	0.297460	0.273786	0.286300	0.294085	0.263753	0.278181	0.277940	0.286765	0.296714	0.266686	0.277996	0.273193	0.277719	0.278026	0.294753	0.278057	0.277869	0.292756	0.266208	0.296315	0.295914	0.277863	0.278141	0.285922	0.278058	
0.272133	0.293101	0.294806	0.293141	0.307090	0.307034	0.295021	0.296136	0.000000	0.307091	0.313416	0.294554	0.306818	0.298760	0.294225	0.306872	0.284579	0.306353	0.249018	0.283697	0.285940	0.267679	0.290153	0.232295	0.282474	0.244041	0.292919	0.295983	0.281185	0.288112	0.241828	0.270055	0.293313	0.306737	0.277208	0.278281	0.279283	0.273395	0.298626	0.307283	0.298364	0.291763	0.298645	0.307231	0.279771	0.289775	0.291037	0.283967	0.285318	0.291658	0.237163	0.286283	0.286229	0.290613	0.314233	0.283474	0.291826	0.294570	0.293155	0.280857	0.286881	0.296093	0.295024	0.298622	0.306807	0.294360	0.293913	0.285950	0.273336	0.280541	0.307182	0.313856	0.306838	0.244474	0.306935	0.283011	0.280710	0.295181	0.288903	0.291799	0.307096	0.307152	0.297519	0.292573	0.275161	0.278251	0.292232	0.294604	0.291219	0.292951	0.254344	0.280466	0.275149	0.294131	0.276278	0.228343	0.239210	0.244894	0.293878	0.278815	0.286750	0.307175	0.271168	0.267017	0.173125	0.281020	0.297983	0.294764	0.307363	0.232888	0.306806	0.306434	0.280089	0.307515	0.256212	0.236839	0.307033	0.292001	0.267379	0.231444	0.306323	0.269192	0.294736	0.292923	0.285745	0.292376	0.298177	0.272105	0.290730	0.298251	0.284081	0.273353	0.313841	0.292076	0.294966	0.307061	0.292465	0.292224	0.298345	0.307031	0.307046	0.312544	0.243665	0.284551	0.285203	0.289916	0.240215	0.286213	0.241130	0.290837	0.312765	0.294440	0.291817	0.307195	0.294215	0.229746	0.298956	0.275326	0.276873	0.291970	0.307273	0.307577	0.314717	0.286347	0.294753	0.307289	0.298312	0.306748	0.306900	0.286235	0.306925	0.307084	0.279634	0.294497	0.255761	0.254849	0.307403	0.307612	0.312811	0.307258	
0.301276	0.277103	0.281578	0.279621	0.153087	0.153829	0.278286	0.277824	0.307091	0.000000	0.299763	0.280476	0.153189	0.284736	0.308927	0.153110	0.310491	0.153129	0.306203	0.310804	0.308796	0.309412	0.277782	0.309332	0.308675	0.309539	0.278069	0.280311	0.307795	0.296949	0.311245	0.300088	0.312291	0.154047	0.310338	0.309240	0.307710	0.308499	0.287659	0.152317	0.287334	0.280820	0.286881	0.151829	0.310383	0.311172	0.277568	0.309974	0.310986	0.276176	0.310577	0.310723	0.307423	0.276071	0.300667	0.310822	0.277842	0.282652	0.281061	0.307720	0.309574	0.279941	0.281142	0.287889	0.152260	0.280587	0.279316	0.310780	0.309825	0.310698	0.152933	0.300352	0.153456	0.307385	0.152134	0.309061	0.309036	0.282212	0.275298	0.280903	0.151654	0.151654	0.284889	0.278610	0.299166	0.312033	0.279885	0.280228	0.312517	0.280211	0.308438	0.308821	0.299663	0.312825	0.310689	0.309340	0.310073	0.309720	0.279202	0.299473	0.311438	0.152884	0.297864	0.309812	0.306789	0.310827	0.287049	0.278455	0.151374	0.309850	0.152245	0.152935	0.312152	0.151954	0.290456	0.307903	0.151842	0.277383	0.309687	0.311322	0.154832	0.310003	0.312463	0.277679	0.310540	0.276503	0.287394	0.292006	0.310865	0.287208	0.308102	0.307866	0.300304	0.279061	0.282212	0.153685	0.279461	0.279029	0.283282	0.151909	0.152066	0.300494	0.308238	0.308585	0.310617	0.277002	0.306219	0.310251	0.309593	0.274539	0.299370	0.280530	0.277982	0.151893	0.280547	0.310397	0.288013	0.298915	0.308005	0.278667	0.150999	0.151119	0.300326	0.311279	0.281039	0.152006	0.287075	0.151927	0.153261	0.308991	0.152861	0.151763	0.305067	0.280320	0.310306	0.307326	0.150983	0.151315	0.300391	0.151138	
0.276899	0.281746	0.282716	0.284051	0.300135	0.300428	0.284182	0.285528	0.313416	0.299763	0.000000	0.284265	0.299546	0.291445	0.279424	0.299808	0.288361	0.300160	0.315510	0.277741	0.279393	0.283343	0.283250	0.317039	0.283564	0.315720	0.285169	0.285458	0.269771	0.266294	0.318200	0.272040	0.274812	0.299641	0.274789	0.268889	0.278079	0.280640	0.291481	0.300068	0.291159	0.284616	0.291709	0.300149	0.285441	0.289110	0.284656	0.282518	0.278186	0.285546	0.315371	0.294248	0.281679	0.283077	0.153978	0.269504	0.285967	0.282777	0.285341	0.266452	0.281762	0.285432	0.286245	0.291640	0.299674	0.285472	0.284493	0.289246	0.264036	0.274035	0.300113	0.154223	0.300097	0.314625	0.299827	0.283688	0.281411	0.282946	0.280771	0.284364	0.300110	0.300140	0.290923	0.287699	0.264790	0.277215	0.287638	0.283764	0.281250	0.285117	0.269464	0.286295	0.265094	0.279322	0.275101	0.315138	0.315673	0.315870	0.282186	0.267478	0.284558	0.300053	0.277230	0.283179	0.313276	0.276498	0.291222	0.283931	0.300168	0.317356	0.300071	0.300244	0.277126	0.300477	0.303133	0.313778	0.300004	0.282745	0.283201	0.317172	0.299401	0.273034	0.290570	0.285579	0.289737	0.284101	0.291347	0.273680	0.275030	0.291067	0.275164	0.280533	0.154337	0.283371	0.282881	0.300114	0.287534	0.284781	0.291955	0.299941	0.300173	0.230425	0.315119	0.283463	0.278059	0.285974	0.310969	0.293780	0.315097	0.283334	0.159539	0.285634	0.285697	0.299998	0.285806	0.317288	0.291898	0.265649	0.291924	0.286176	0.300212	0.300290	0.153881	0.289590	0.285894	0.300212	0.291369	0.299947	0.299783	0.281733	0.300318	0.300095	0.280956	0.285811	0.316984	0.269831	0.300075	0.300259	0.230166	0.300097	
0.285979	0.262198	0.266011	0.262833	0.280525	0.280606	0.133858	0.264916	0.294554	0.280476	0.284265	0.000000	0.280349	0.269903	0.295657	0.279068	0.296161	0.280698	0.294826	0.297200	0.297415	0.295237	0.261494	0.295429	0.294180	0.293746	0.263039	0.264354	0.293934	0.280935	0.297533	0.284559	0.297380	0.280314	0.295894	0.295365	0.293065	0.294553	0.269460	0.280652	0.269606	0.262498	0.270043	0.280695	0.295434	0.295342	0.263131	0.294073	0.295781	0.260417	0.294741	0.295040	0.292461	0.260561	0.284441	0.295483	0.261936	0.266555	0.263149	0.293508	0.293086	0.264513	0.262155	0.269768	0.280437	0.261378	0.262025	0.296356	0.296572	0.297034	0.280665	0.284452	0.280661	0.295337	0.280659	0.294526	0.294348	0.266299	0.260499	0.262403	0.280651	0.280490	0.268780	0.264579	0.286858	0.296701	0.264151	0.131177	0.296209	0.262670	0.294517	0.294663	0.286439	0.296431	0.296463	0.296199	0.295094	0.294249	0.265993	0.282542	0.295264	0.280324	0.281958	0.295243	0.294544	0.295888	0.269303	0.133122	0.280521	0.296831	0.280645	0.280552	0.297712	0.280552	0.284997	0.293589	0.280616	0.261238	0.295459	0.295659	0.280485	0.296057	0.297260	0.260507	0.295837	0.257361	0.269366	0.283160	0.295595	0.269434	0.293543	0.292237	0.284341	0.260166	0.266519	0.279276	0.264126	0.263081	0.270336	0.280628	0.280643	0.282472	0.295717	0.294420	0.295651	0.262460	0.290843	0.295311	0.295903	0.260962	0.283893	0.261187	0.263033	0.280454	0.261565	0.297723	0.269794	0.286139	0.291947	0.263129	0.280726	0.280696	0.284875	0.296349	0.261477	0.280733	0.269452	0.280304	0.280515	0.293310	0.280340	0.280679	0.290273	0.261340	0.295241	0.294865	0.280539	0.280698	0.282850	0.280331	
0.300839	0.278324	0.281675	0.277866	0.152789	0.153166	0.278096	0.277638	0.306818	0.153189	0.299546	0.280349	0.000000	0.284429	0.308796	0.152623	0.310306	0.152850	0.305888	0.310629	0.308413	0.309177	0.277604	0.309108	0.308566	0.309466	0.276412	0.280112	0.307681	0.296750	0.311038	0.300066	0.312031	0.153891	0.310239	0.309086	0.307363	0.308454	0.287338	0.151773	0.287229	0.280410	0.286700	0.151416	0.310050	0.311104	0.277401	0.309816	0.310981	0.275726	0.310341	0.310631	0.307246	0.275857	0.300524	0.310844	0.277814	0.282587	0.279228	0.307521	0.309198	0.279672	0.281043	0.287642	0.152011	0.280414	0.279288	0.310634	0.309531	0.310559	0.152483	0.300178	0.153055	0.307176	0.151706	0.308959	0.308671	0.282148	0.275241	0.280573	0.151436	0.151527	0.284802	0.278462	0.298953	0.311876	0.279666	0.280186	0.312405	0.278454	0.308091	0.308785	0.299595	0.312724	0.310462	0.309096	0.309731	0.309459	0.279328	0.299286	0.311102	0.152560	0.297721	0.309681	0.306534	0.310672	0.286865	0.278273	0.151383	0.309611	0.151647	0.152376	0.311909	0.151636	0.290118	0.307623	0.151187	0.277120	0.309484	0.311068	0.154642	0.309755	0.312315	0.277459	0.310369	0.276315	0.287177	0.291932	0.310548	0.286972	0.308009	0.307704	0.300228	0.279142	0.282184	0.153348	0.279436	0.278781	0.283089	0.151353	0.151709	0.300441	0.308038	0.308357	0.310468	0.276660	0.306133	0.310090	0.309199	0.274450	0.298985	0.280326	0.277929	0.151328	0.280587	0.310328	0.287791	0.298781	0.307806	0.278607	0.150628	0.150674	0.300194	0.311111	0.280724	0.151679	0.286866	0.151355	0.153228	0.308911	0.152406	0.151512	0.304680	0.280266	0.310320	0.307035	0.150569	0.150907	0.300335	0.150730	
0.291914	0.269536	0.269365	0.271002	0.284725	0.285046	0.270302	0.273059	0.298760	0.284736	0.291445	0.269903	0.284429	0.000000	0.302025	0.284353	0.299670	0.284616	0.298642	0.303838	0.302112	0.298345	0.268547	0.301028	0.299342	0.300042	0.271020	0.272861	0.301711	0.287588	0.304178	0.290044	0.303038	0.284667	0.301667	0.300603	0.297334	0.299064	0.142993	0.284822	0.142591	0.270717	0.146154	0.284767	0.300778	0.303495	0.266685	0.300311	0.303089	0.270198	0.301012	0.300900	0.300375	0.269160	0.292015	0.301414	0.271011	0.269099	0.271541	0.299225	0.301429	0.272806	0.271169	0.144907	0.284683	0.270672	0.269585	0.300202	0.300941	0.304159	0.284993	0.291687	0.284696	0.299018	0.284742	0.299600	0.300571	0.269363	0.266795	0.271023	0.284717	0.284830	0.150361	0.273191	0.292210	0.303292	0.273387	0.270013	0.300555	0.271089	0.301425	0.300537	0.291997	0.302768	0.303476	0.300806	0.300269	0.299546	0.269747	0.288155	0.301371	0.284807	0.287207	0.299885	0.299551	0.302261	0.143158	0.270157	0.284994	0.301106	0.284786	0.284867	0.303108	0.284306	0.291781	0.298793	0.284596	0.267918	0.299794	0.301235	0.284711	0.300927	0.301698	0.270740	0.301471	0.266477	0.142699	0.288565	0.301473	0.143406	0.299257	0.299643	0.291620	0.269709	0.269250	0.285038	0.273380	0.271510	0.149745	0.284873	0.284897	0.292332	0.301164	0.300224	0.302504	0.272331	0.297478	0.300791	0.298720	0.269502	0.291210	0.270787	0.270467	0.284704	0.270868	0.303270	0.141476	0.291335	0.298956	0.271071	0.285001	0.285133	0.292176	0.300270	0.270945	0.284683	0.143244	0.284685	0.285026	0.301210	0.284749	0.284613	0.297796	0.270759	0.299694	0.300860	0.284840	0.284990	0.292483	0.284902	
0.280508	0.290384	0.297136	0.295465	0.309262	0.308680	0.295954	0.295207	0.294225	0.308927	0.279424	0.295657	0.308796	0.302025	0.000000	0.309022	0.249486	0.308842	0.290875	0.253418	0.304438	0.267714	0.289133	0.291924	0.241699	0.287066	0.295283	0.294792	0.240129	0.313543	0.296335	0.265497	0.255552	0.308808	0.234091	0.261037	0.250273	0.255958	0.301868	0.309223	0.301654	0.296544	0.301901	0.309093	0.291556	0.293527	0.292980	0.261345	0.242644	0.293762	0.276290	0.255819	0.285614	0.296082	0.279267	0.240605	0.294543	0.296839	0.295663	0.294743	0.285847	0.294598	0.297661	0.302077	0.308479	0.297181	0.294188	0.242854	0.259980	0.244431	0.309082	0.279191	0.309077	0.286886	0.308760	0.241012	0.296065	0.297429	0.291535	0.296650	0.309184	0.309268	0.300812	0.294217	0.304287	0.276411	0.294552	0.295454	0.243396	0.295617	0.280845	0.266938	0.310203	0.168568	0.279368	0.296861	0.280264	0.276254	0.295732	0.283545	0.237700	0.309169	0.314803	0.267145	0.293267	0.242092	0.301627	0.295915	0.309324	0.290470	0.309012	0.308897	0.250540	0.309624	0.287799	0.287628	0.309232	0.294960	0.267456	0.291654	0.307773	0.239589	0.246437	0.294422	0.260641	0.292590	0.301894	0.267790	0.255737	0.301712	0.290655	0.287747	0.279337	0.293075	0.297216	0.309092	0.294341	0.296666	0.302193	0.309019	0.309036	0.271943	0.286725	0.258804	0.242901	0.292869	0.275469	0.255133	0.293166	0.296011	0.279497	0.297206	0.294339	0.309107	0.297601	0.286740	0.302325	0.316442	0.287361	0.294734	0.309546	0.309719	0.279471	0.243428	0.297744	0.309167	0.301913	0.308991	0.308674	0.286085	0.309119	0.309062	0.294794	0.297504	0.282785	0.281394	0.309242	0.309336	0.271927	0.309118	
0.300959	0.278523	0.281569	0.279555	0.152587	0.152890	0.276620	0.277709	0.306872	0.153110	0.299808	0.279068	0.152623	0.284353	0.309022	0.000000	0.310417	0.152404	0.305985	0.310855	0.308542	0.309402	0.277557	0.309026	0.308868	0.309493	0.277706	0.280121	0.307817	0.296912	0.311034	0.300192	0.312366	0.153484	0.310178	0.309083	0.307579	0.308608	0.287277	0.151651	0.287067	0.280515	0.286552	0.151029	0.310475	0.311070	0.277277	0.310059	0.310923	0.275837	0.310537	0.310575	0.307179	0.275868	0.300627	0.310887	0.278142	0.282467	0.280774	0.307765	0.309360	0.279900	0.281140	0.287576	0.151830	0.280401	0.279344	0.310735	0.309656	0.310794	0.152046	0.300270	0.153040	0.307138	0.151335	0.309131	0.308949	0.282213	0.275262	0.280591	0.151173	0.151222	0.284619	0.278531	0.299124	0.312013	0.279744	0.278782	0.312695	0.280052	0.308218	0.308748	0.299612	0.313048	0.310633	0.308995	0.309758	0.309572	0.279139	0.299312	0.311605	0.152247	0.297760	0.309693	0.306464	0.310952	0.286660	0.276778	0.151018	0.309623	0.151323	0.152519	0.312139	0.151282	0.290469	0.307821	0.151186	0.277106	0.309620	0.310894	0.154632	0.310044	0.312547	0.277374	0.310568	0.276416	0.287111	0.291990	0.310952	0.286888	0.308072	0.307829	0.300239	0.278901	0.282341	0.152918	0.279410	0.278798	0.283102	0.151446	0.151601	0.300735	0.308212	0.308419	0.310579	0.277052	0.305931	0.310280	0.309600	0.274268	0.299261	0.280287	0.278252	0.151392	0.280573	0.310332	0.287612	0.298821	0.307776	0.278884	0.150286	0.150313	0.300416	0.311280	0.280917	0.151486	0.286876	0.151199	0.152692	0.308890	0.152304	0.151259	0.304869	0.280282	0.310088	0.307313	0.150476	0.150705	0.300680	0.150442	
0.290005	0.291152	0.294945	0.295965	0.310561	0.309986	0.296224	0.294889	0.284579	0.310491	0.288361	0.296161	0.310306	0.299670	0.249486	0.310417	0.000000	0.310272	0.284766	0.248413	0.293574	0.235948	0.290556	0.281279	0.239971	0.282873	0.295832	0.294343	0.254963	0.310694	0.284327	0.268016	0.241485	0.310381	0.254442	0.263927	0.237520	0.237453	0.299554	0.310647	0.299068	0.295202	0.299537	0.310736	0.285602	0.295878	0.292926	0.243378	0.265791	0.294911	0.285464	0.241892	0.290705	0.293357	0.288286	0.261920	0.294176	0.294642	0.296246	0.282713	0.291285	0.294471	0.296451	0.299693	0.310108	0.296081	0.294311	0.220843	0.256792	0.255952	0.310718	0.288037	0.310510	0.287851	0.310363	0.240731	0.289749	0.295360	0.294589	0.295148	0.310638	0.310620	0.298161	0.295535	0.306645	0.288721	0.295338	0.295977	0.254239	0.296066	0.287304	0.246384	0.311894	0.248065	0.278144	0.281238	0.278559	0.281486	0.294344	0.271982	0.257995	0.310787	0.314737	0.234808	0.284027	0.256584	0.299109	0.296206	0.310964	0.282415	0.310650	0.310407	0.256976	0.311068	0.283931	0.292466	0.310524	0.292816	0.235273	0.280922	0.309061	0.244831	0.256389	0.295141	0.242995	0.293371	0.299116	0.270153	0.242431	0.299065	0.290562	0.284509	0.288249	0.297294	0.295284	0.310606	0.295408	0.295506	0.299716	0.310535	0.310607	0.283939	0.287988	0.240091	0.265630	0.293433	0.283672	0.240930	0.281411	0.293295	0.287901	0.296204	0.294139	0.310553	0.296359	0.278362	0.299981	0.317933	0.281275	0.294274	0.311035	0.311142	0.288617	0.220732	0.296452	0.310722	0.299275	0.310424	0.310242	0.291460	0.310614	0.310556	0.288642	0.296362	0.264934	0.287575	0.310703	0.310899	0.283903	0.310653	
0.301233	0.278863	0.281909	0.279827	0.152586	0.153080	0.278478	0.278066	0.306353	0.153129	0.300160	0.280698	0.152850	0.284616	0.308842	0.152404	0.310272	0.000000	0.305799	0.310804	0.308400	0.309076	0.277765	0.308748	0.308640	0.309281	0.278121	0.280433	0.307774	0.296998	0.310688	0.300267	0.312226	0.153395	0.310324	0.309172	0.307600	0.308427	0.287815	0.151944	0.287539	0.280863	0.287011	0.151192	0.310267	0.311055	0.277687	0.310010	0.311002	0.276419	0.310122	0.310540	0.307245	0.276245	0.301194	0.310939	0.278146	0.282919	0.281025	0.307560	0.309369	0.280264	0.281322	0.288037	0.151928	0.280779	0.279542	0.310824	0.309694	0.310704	0.152309	0.300766	0.152585	0.307031	0.151482	0.308947	0.308783	0.282587	0.275465	0.280941	0.151201	0.151141	0.285182	0.278597	0.298955	0.311982	0.279989	0.280552	0.312656	0.280203	0.308191	0.308888	0.299699	0.312939	0.310564	0.308765	0.309524	0.309213	0.279781	0.299657	0.311328	0.152401	0.297892	0.309683	0.306022	0.310816	0.287153	0.278584	0.151045	0.309362	0.151613	0.152168	0.312189	0.151795	0.290035	0.307402	0.151075	0.277439	0.309499	0.310672	0.154495	0.309922	0.312595	0.277887	0.310435	0.276823	0.287418	0.292128	0.310918	0.287415	0.308155	0.307823	0.300882	0.279340	0.282562	0.152942	0.279496	0.279198	0.283557	0.151317	0.151613	0.300934	0.307832	0.308414	0.310656	0.277348	0.305907	0.310186	0.309098	0.274763	0.299645	0.280703	0.278406	0.151481	0.280913	0.310032	0.288208	0.298808	0.307663	0.278987	0.150456	0.150248	0.300737	0.311387	0.281201	0.151409	0.287255	0.151193	0.152839	0.308926	0.152297	0.151088	0.304837	0.280585	0.310094	0.307272	0.150648	0.150826	0.300730	0.150451	
0.282963	0.293091	0.295641	0.294158	0.306477	0.306457	0.295203	0.295101	0.249018	0.306203	0.315510	0.294826	0.305888	0.298642	0.290875	0.305985	0.284766	0.305799	0.000000	0.292633	0.283851	0.289831	0.290284	0.246946	0.288376	0.264959	0.293802	0.294678	0.297185	0.279335	0.247099	0.279019	0.277040	0.305847	0.286314	0.284250	0.283856	0.286564	0.298533	0.306407	0.298328	0.292167	0.298612	0.306434	0.286799	0.286297	0.290275	0.288740	0.288073	0.292332	0.251275	0.291840	0.287821	0.290431	0.316303	0.282637	0.292028	0.295569	0.294297	0.298078	0.288720	0.294658	0.293848	0.298546	0.306327	0.293593	0.292486	0.293550	0.293721	0.284586	0.306285	0.315683	0.305912	0.261203	0.306203	0.288912	0.274154	0.295828	0.290026	0.292073	0.306265	0.306319	0.297416	0.294076	0.281452	0.293640	0.293968	0.294727	0.290023	0.293913	0.282821	0.282098	0.281260	0.289995	0.286793	0.245462	0.257706	0.238768	0.294910	0.272417	0.295119	0.306269	0.266601	0.289803	0.249848	0.293914	0.297980	0.295002	0.306529	0.242629	0.306252	0.305776	0.289204	0.306584	0.207308	0.252272	0.306102	0.293019	0.289966	0.246038	0.305715	0.282928	0.277750	0.295055	0.293862	0.289950	0.298346	0.280741	0.275739	0.298131	0.279150	0.293676	0.315973	0.292889	0.295693	0.306408	0.294147	0.292648	0.298568	0.306218	0.306336	0.314311	0.260650	0.288621	0.287599	0.290966	0.253176	0.291199	0.244525	0.290688	0.315144	0.293304	0.292032	0.306376	0.293367	0.254323	0.298621	0.280632	0.269241	0.292232	0.306571	0.306659	0.316717	0.293810	0.293893	0.306325	0.298058	0.306050	0.305932	0.288337	0.306291	0.306004	0.273918	0.293592	0.235383	0.283189	0.306406	0.306534	0.314587	0.306473	
0.280552	0.292748	0.298068	0.294677	0.310951	0.310570	0.297418	0.296096	0.283697	0.310804	0.277741	0.297200	0.310629	0.303838	0.253418	0.310855	0.248413	0.310804	0.292633	0.000000	0.296167	0.229093	0.292523	0.283374	0.273720	0.294553	0.294891	0.295514	0.266890	0.311101	0.293983	0.284167	0.256345	0.310358	0.258725	0.261978	0.249133	0.246247	0.303934	0.310855	0.303579	0.294746	0.303685	0.311042	0.280843	0.273731	0.292771	0.247429	0.253175	0.294493	0.294823	0.241077	0.290963	0.295337	0.277579	0.252686	0.294100	0.297783	0.294739	0.301280	0.291669	0.295896	0.297492	0.303773	0.310422	0.296888	0.295702	0.253578	0.242070	0.232218	0.310890	0.277511	0.310664	0.277727	0.310534	0.274261	0.282555	0.298434	0.293327	0.294674	0.311019	0.310954	0.302163	0.295381	0.303694	0.288222	0.295294	0.297004	0.258460	0.294701	0.290572	0.253321	0.310455	0.252060	0.283281	0.289123	0.290803	0.297073	0.296999	0.284564	0.243373	0.310954	0.315664	0.228062	0.282558	0.245809	0.303332	0.297241	0.311248	0.291406	0.310853	0.310493	0.239313	0.311266	0.288856	0.290013	0.310887	0.294808	0.228279	0.283067	0.309551	0.248740	0.251348	0.292658	0.246461	0.293321	0.303308	0.285052	0.256538	0.303293	0.297659	0.280530	0.277351	0.296077	0.298363	0.310869	0.295440	0.295260	0.303785	0.311059	0.310740	0.274509	0.277333	0.244416	0.253492	0.293572	0.293427	0.240961	0.298391	0.295577	0.277883	0.297180	0.293906	0.310951	0.297140	0.283371	0.304300	0.317870	0.290542	0.294390	0.311384	0.311343	0.277916	0.253572	0.297393	0.311005	0.303733	0.310642	0.310434	0.291609	0.310839	0.310925	0.282176	0.297294	0.291711	0.291111	0.311002	0.311125	0.274481	0.310903	
0.248186	0.293956	0.298454	0.297355	0.309009	0.308632	0.297404	0.297665	0.285940	0.308796	0.279393	0.297415	0.308413	0.302112	0.304438	0.308542	0.293574	0.308400	0.283851	0.296167	0.000000	0.287242	0.295018	0.286328	0.289998	0.298442	0.297748	0.297869	0.298651	0.282777	0.271292	0.314090	0.299114	0.308624	0.302647	0.288289	0.297478	0.283332	0.301967	0.308805	0.301815	0.295492	0.302490	0.309101	0.247019	0.237401	0.294045	0.279565	0.300870	0.297691	0.287073	0.286953	0.247665	0.295104	0.279300	0.300710	0.296611	0.298475	0.297963	0.240670	0.246487	0.297423	0.297168	0.302103	0.308605	0.296719	0.296094	0.286261	0.295741	0.292599	0.308815	0.279482	0.308655	0.281892	0.308643	0.290614	0.243055	0.298776	0.291939	0.295465	0.308794	0.308649	0.301111	0.297376	0.264999	0.246319	0.297200	0.297043	0.285631	0.297705	0.251669	0.284698	0.261820	0.304193	0.256000	0.264783	0.287262	0.287469	0.296880	0.316475	0.299806	0.308753	0.273835	0.287465	0.286803	0.296568	0.301760	0.297409	0.308857	0.278707	0.308791	0.308395	0.299575	0.309263	0.280311	0.291270	0.308725	0.295943	0.287360	0.286103	0.308269	0.292048	0.284443	0.297006	0.291859	0.293525	0.301683	0.314588	0.297843	0.301613	0.228120	0.255359	0.279157	0.293555	0.298797	0.308763	0.297027	0.295802	0.302554	0.308557	0.308684	0.290269	0.281762	0.283372	0.300718	0.297004	0.286456	0.286633	0.288114	0.295285	0.279720	0.296997	0.296908	0.308917	0.296936	0.275816	0.302353	0.258440	0.272560	0.296848	0.308990	0.308955	0.279320	0.286579	0.297004	0.308765	0.301798	0.308441	0.308512	0.246659	0.308877	0.308832	0.245622	0.296883	0.294722	0.252702	0.308929	0.309128	0.290167	0.309008	
0.285596	0.291131	0.294327	0.293797	0.309561	0.309143	0.295373	0.295940	0.267679	0.309412	0.283343	0.295237	0.309177	0.298345	0.267714	0.309402	0.235948	0.309076	0.289831	0.229093	0.287242	0.000000	0.290067	0.286734	0.250472	0.288098	0.293788	0.295484	0.257708	0.310993	0.293109	0.282272	0.260750	0.308997	0.261598	0.232817	0.244508	0.229055	0.298231	0.309462	0.297962	0.293112	0.298184	0.309487	0.286340	0.277622	0.292880	0.235982	0.263556	0.293435	0.283255	0.223912	0.286994	0.292728	0.283102	0.252527	0.292324	0.293962	0.293900	0.281668	0.287535	0.295539	0.293208	0.298313	0.308844	0.292646	0.294326	0.248540	0.243856	0.243063	0.309784	0.282948	0.309541	0.280443	0.309139	0.250469	0.281450	0.294371	0.292320	0.293265	0.309726	0.309554	0.297319	0.294542	0.301717	0.294149	0.294518	0.294820	0.242617	0.294031	0.281603	0.249509	0.309005	0.266619	0.292104	0.279324	0.285607	0.296489	0.293595	0.282245	0.231776	0.309554	0.314290	0.164905	0.266774	0.257127	0.298075	0.295228	0.309722	0.289382	0.309497	0.309139	0.255478	0.309917	0.287372	0.283398	0.309638	0.291771	0.165272	0.286281	0.308139	0.248907	0.248262	0.293184	0.234237	0.292349	0.297846	0.283345	0.261870	0.297897	0.291419	0.282898	0.283125	0.293357	0.294362	0.309531	0.294752	0.293575	0.298405	0.309451	0.309492	0.286200	0.280214	0.231450	0.263234	0.292510	0.282757	0.223816	0.291954	0.292744	0.283257	0.292830	0.291971	0.309476	0.292849	0.278427	0.298762	0.317552	0.285861	0.292504	0.309916	0.309829	0.283453	0.248554	0.293132	0.309630	0.298243	0.309395	0.309030	0.287870	0.309673	0.309549	0.280957	0.292978	0.293566	0.282344	0.309664	0.309902	0.286537	0.309757	
0.285636	0.262405	0.262567	0.261318	0.277807	0.278249	0.261686	0.265293	0.290153	0.277782	0.283250	0.261494	0.277604	0.268547	0.289133	0.277557	0.290556	0.277765	0.290284	0.292523	0.295018	0.290067	0.000000	0.292358	0.288876	0.288636	0.261198	0.264863	0.289536	0.277202	0.292993	0.279220	0.292345	0.276647	0.291803	0.291949	0.287537	0.289873	0.268517	0.277964	0.268270	0.262466	0.268963	0.278161	0.292278	0.292832	0.261962	0.290369	0.291006	0.264501	0.289825	0.291242	0.292262	0.261886	0.283754	0.289906	0.262238	0.262699	0.261847	0.292051	0.293329	0.264784	0.263802	0.268739	0.277768	0.263253	0.262820	0.291287	0.292726	0.291315	0.277781	0.283576	0.278004	0.290207	0.277770	0.289357	0.291839	0.262876	0.261401	0.262254	0.278010	0.277775	0.267650	0.264037	0.284005	0.291997	0.263912	0.261271	0.291384	0.261075	0.292176	0.291028	0.284202	0.289611	0.294396	0.291284	0.288987	0.289910	0.263011	0.280203	0.290018	0.277845	0.281479	0.290360	0.290332	0.290729	0.268138	0.261397	0.277970	0.291962	0.278090	0.277736	0.292538	0.277945	0.285182	0.289147	0.277853	0.260942	0.290461	0.292172	0.277929	0.290597	0.292423	0.262481	0.292167	0.259206	0.268417	0.278389	0.291079	0.268126	0.292200	0.290500	0.283803	0.266697	0.263077	0.277785	0.263761	0.262892	0.269003	0.278005	0.277801	0.281690	0.290577	0.290375	0.290905	0.265569	0.287092	0.290894	0.291237	0.262346	0.283331	0.263321	0.262210	0.277659	0.263311	0.292725	0.268494	0.284011	0.289223	0.262560	0.277981	0.277906	0.284070	0.291503	0.263232	0.277900	0.268350	0.277507	0.278145	0.293323	0.277718	0.277918	0.289524	0.263155	0.289619	0.292222	0.277865	0.278118	0.281844	0.277837	
0.281533	0.294211	0.295947	0.295306	0.309497	0.309431	0.295523	0.296746	0.232295	0.309332	0.317039	0.295429	0.309108	0.301028	0.291924	0.309026	0.281279	0.308748	0.246946	0.283374	0.286328	0.286734	0.292358	0.000000	0.293041	0.236998	0.294927	0.296269	0.291121	0.271855	0.234204	0.277029	0.283524	0.309088	0.284169	0.288875	0.273861	0.281683	0.300830	0.309413	0.300506	0.293241	0.301031	0.309419	0.291472	0.300260	0.290533	0.287878	0.296885	0.293513	0.249882	0.297146	0.290484	0.293074	0.317776	0.284541	0.294196	0.295788	0.295384	0.280439	0.290891	0.296476	0.297150	0.301089	0.309142	0.296817	0.292819	0.286351	0.278278	0.287717	0.309445	0.317441	0.309003	0.248259	0.309038	0.293624	0.297080	0.296315	0.290721	0.293019	0.309381	0.309417	0.299620	0.293279	0.283512	0.278037	0.293274	0.295149	0.290433	0.295143	0.279897	0.285042	0.284290	0.291363	0.290835	0.232987	0.246901	0.238326	0.294917	0.282050	0.295293	0.309378	0.275196	0.286409	0.233826	0.283623	0.300250	0.295492	0.309571	0.225421	0.309210	0.308698	0.280516	0.309612	0.256571	0.245429	0.309129	0.292099	0.286861	0.164359	0.308625	0.271023	0.284618	0.296710	0.297794	0.290971	0.300524	0.278657	0.281911	0.300418	0.270345	0.290309	0.317243	0.294133	0.295950	0.309475	0.293412	0.293362	0.300620	0.309119	0.309290	0.316277	0.247342	0.287939	0.296803	0.289543	0.251951	0.296593	0.228663	0.293048	0.316620	0.296809	0.294219	0.309259	0.296787	0.245739	0.301149	0.285028	0.286591	0.294356	0.309626	0.309747	0.317987	0.286719	0.297160	0.309348	0.300552	0.309086	0.309137	0.290764	0.309190	0.309296	0.295490	0.296784	0.259818	0.280276	0.309538	0.309619	0.316719	0.309379	
